[Boundary Facets];

[All Points];
143.28046761245716,403.33644609180413;
448.55903312358333,235.9775878714571;
364.21983523713817,407.6571586407016;
671.4005233538261,342.86213942988513;
735.6733335427435,394.9526451300662;
375.27359993460794,233.91112974803602;
142.33456979688552,299.2598282829629;
301.69914313180334,366.7604730770017;
657.1886890347375,254.96638341053122;
982.4746458847178,247.67333558505493;
891.7155021167688,139.4430258450171;
946.8221282406697,298.17602828032324;
898.9177097501044,268.4528124848193;
519.6605748043553,35.814507352707516;
53.0719248441912,371.08698982872835;
139.5082887135629,461.9875130955991;
714.3351684895782,314.28673127529663;
73.8485018399193,72.16724774093368;
281.6399919140542,164.55778302776085;
132.13112153228013,467.8995788324905;
951.9632939807279,165.69790311366472;
108.32247613967537,374.40304115945685;
307.14789426526875,241.37186372582602;
587.311389992334,405.3755930076629;
223.90597849753445,81.39729731517392;
739.821823124134,113.24476176708947;
799.5992786546112,53.39755060857908;
489.7567259773735,155.37899143250394;
324.1126603098342,231.7687712231628;
207.16105730118971,483.2053285426103;
492.90825061471656,402.8043012220739;
197.67858557672812,390.7704623476851;
788.7943529464887,504.2394199630099;
152.48371791463165,310.8233215182773;
669.3652859140609,246.33782736381448;
687.5599073216732,174.70802939528346;
616.5962805792769,155.18864659996166;
273.8361249799077,508.78720327874305;
971.1247117238393,373.22695829419735;
1009.8487447559276,54.86381282432578;
948.6868736321636,30.85355173095965;
696.6539360577257,244.78302038365084;
309.0736753191234,278.68593526848264;
292.987896386382,330.2541295616064;
1008.2464094641168,395.7219721845495;
536.2524421963647,329.0747052670443;
40.82241095977467,41.204293723747725;
457.12688645799716,98.43471875679853;
844.9406159329973,251.36098352046304;
111.27863676954452,466.5287864944055;
609.1459262005937,27.484237740635066;
925.0163733327162,166.8204597103784;
255.34282436210742,354.4201036723682;
643.6527458141227,105.72504071299271;
990.7653675454656,100.91523719447403;
370.8869357355706,274.8585765133554;
315.83666198513225,229.9327260774991;
112.6873402041455,157.95629727043075;
285.5548978925898,507.0819718375551;
812.7973196536254,341.32598153230333;
63.370616563746424,477.899670484057;
588.9981445189196,173.2979939277195;
902.5039170146381,49.18188082373836;
714.2056857044784,138.85209912721436;
737.6274917274036,487.2476300963307;
78.21764376836926,33.625616544219184;
43.95038904175129,284.6834542292562;
281.6090089428128,56.38461205614847;
266.66458685762774,505.57780222710716;
736.3818226024244,404.5099972795266;
270.1447114823241,428.79509449568775;
571.4902604079684,477.58462380188587;
402.3880717685677,310.8417843339784;
572.3412893786381,429.025653957111;
690.0681549678839,287.17506956804925;
675.4120271074232,499.1647391844611;
100.09223005564616,133.55002240254697;
306.9108468151266,108.28310604328145;
543.9005326854665,109.97189552795565;
997.9547526573092,108.45290781055083;
529.5139501565043,390.2954206191557;
432.6163126254482,79.6633960931709;
214.32331042322238,422.69234834766024;
938.0615893815024,431.711662212629;
577.8990210461533,298.90338104863423;
256.8161991278166,334.85254940426216;
856.5474052429197,146.6212956344941;
751.8175028662433,363.34391243265713;
908.5583672959459,385.7307643901207;
253.99991002941292,86.02841865113929;
154.34372106230887,430.8373362127743;
609.1401513641518,71.03545735861721;
443.1046979256904,189.11161265012393;
536.8033103131052,427.6900153553082;
207.85198563093752,349.4610030018455;
358.9706358518937,93.31008364669967;
422.45992366036364,25.235621237960405;
889.0005324819642,412.0316008446212;
488.81746518518867,278.4342410864003;
967.496110347656,400.4633596494452;
346.61745674616793,213.60316178598814;
868.1301065563312,483.7674176967727;
289.3934149212106,26.02145987028447;
734.91478742445,367.7208219517688;
356.6586076787863,178.82204064520334;
49.29408751384689,435.36188679300767;
833.7307957671452,387.5635984797137;
840.9192670206947,221.3006771741693;
462.8139637796056,171.58935361699574;
765.9566148504294,112.19188445574717;
93.60976267746933,280.1839207084357;
329.35747847322693,46.898235659064525;
603.4308283524774,425.19931634485425;
654.4997539802688,236.04816908814112;
181.32455707782424,175.2012661114537;
330.3744665686553,55.695051306675396;
814.9957252759971,320.1004555728188;
462.6708627931957,289.59297743586205;
781.4818317990521,220.22489380030325;
844.2268901253485,270.4585753591623;
251.5162727775204,191.4440937865658;
122.7950893267079,111.46651462219563;
656.0059580706851,89.97578693490914;
572.5674002151777,481.73914203779026;
813.1590189739051,302.8672968205901;
176.87671054583342,74.55676791113196;
324.4319149114608,348.48215655857524;
929.4998963677203,282.6588203405138;
918.529078704156,443.00960028278956;
689.971575917913,502.12596569839036;
909.1300457748029,376.9066386820067;
420.8027047364825,219.40545643430036;
239.12356864616623,35.85042910795754;
779.7288291993301,297.675145031348;
291.7441029697948,137.48235023727133;
528.3856527813235,452.95281164316225;
759.4254118498734,279.8867004056953;
294.0155182765255,184.35527839977033;
60.340366674350825,321.0355870940504;
608.2858852628314,447.42553754207745;
437.2934728052483,284.5845485773482;
294.1665406236504,233.90741562336873;
256.11227202694454,508.3953383627418;
844.5109869331033,492.75715945292774;
715.8322224835593,209.65187890272878;
45.12927962033419,149.28898887243625;
831.5992751674726,219.75707170349867;
514.8608321500855,157.0123559450418;
789.0390088191461,330.03488617715385;
982.7844954687321,201.56785383850044;
300.4109483960944,371.24259190191475;
475.19061541818263,17.03646878449321;
431.61543004438096,349.1070697719019;
532.6596957450469,46.0189392281412;
358.7956302815585,305.87615176528624;
644.2538482108406,54.65828463123967;
29.32825720229614,329.32417088077204;
636.8760870809862,231.1259800082982;
806.076586459624,254.04362620521164;
849.2951686736188,155.46345827041702;
796.4694801079912,507.658944763481;
873.0554583852058,234.29199650050634;
846.5349048437133,416.9246749239999;
631.5503749078424,95.6743365998242;
449.78303422010134,130.43902422488935;
707.6760224619528,67.57337080837694;
918.0781277412732,140.90959800055103;
310.4736231705464,96.10947867552305;
421.6673568566562,198.65331871332853;
310.39020370357696,119.19008728600488;
70.0276342591105,349.1165652451533;
278.18175810633005,147.27225504429452;
273.31576398722115,264.33385907887595;
274.0921292483873,137.13137177345584;
659.7718983336637,291.47985544670985;
275.02430720626023,217.29261761107398;
405.15416241613167,419.93592875546875;
966.7749520808818,240.44946847762682;
767.2382924884495,214.19643401890292;
116.22780700978751,488.27613152191;
812.7323681480165,439.02259857869535;
115.79261610756663,67.59930993948642;
514.7597737978547,71.33255525377201;
909.0897441347106,164.16240397706588;
480.2953161075295,273.5728906259944;
586.9085964423189,362.2114539953519;
240.2305309148639,18.963332690071155;
153.58652365530367,140.50604131498977;
132.5178332208543,448.88986151339856;
351.04648746914125,334.12768703366567;
393.4109425247344,445.873771977741;
342.4427730426217,338.4257185747361;
801.344377355434,33.126918054290456;
67.84700250865771,321.19970214386944;
411.27328557752185,380.555398846661;
324.62371074548133,201.9078299546545;
350.1994715946882,436.99495578925587;
967.4308321553091,454.82729969525167;
670.9135744793638,94.61316752466414;
220.7756918299043,296.83528798809607;
843.0312108705552,118.1343576590279;
872.6730470151068,368.1099918243594;
704.1680217797752,45.9886642214779;
850.2576585053087,399.4236437978773;
264.80247115790064,286.93139414026393;
556.6927541757693,259.9556296659476;
498.46000555632895,282.90868129705234;
894.5523521420629,183.29498482269946;
657.8598948607157,118.054173409523;
121.49506026712174,402.032083864884;
173.63972301907225,395.3623061226214;
676.002190336925,411.2355438309162;
631.9519282298706,479.1935554729324;
741.157283283175,322.94044954889654;
249.49080336555562,342.9520792724225;
166.3552091881092,463.45568962358425;
329.5425343107455,108.21757213339494;
736.7725687783008,15.950882129356073;
134.5345172103124,155.62123434918578;
228.72037756989604,235.0089649693485;
135.7225338501753,90.23253832882077;
518.0564070754565,416.30819702677127;
849.3014114834706,77.84835028431962;
339.5895548577861,195.75794161711585;
601.4707012582513,376.930741864032;
381.85906729139896,146.97214273794717;
190.4481722999832,30.7852673606132;
268.0130745673046,478.6767448666743;
938.1689060221603,217.22715342377944;
425.2275540726874,485.5688337022632;
599.6735682198562,231.70648243720353;
637.4140069953373,195.15258210638757;
193.0533370374825,31.431049552556203;
613.0493428505795,67.47127957146918;
395.912760045362,488.5407281974539;
126.6830173093043,238.9137884633845;
83.61104031751286,487.67794128342473;
716.7664057490617,193.63774639209208;
309.82206342477144,415.719208534123;
901.9232033697838,349.28967188824436;
619.9231552644288,465.23016159531153;
719.9480371227052,385.39121431492504;
657.8311231801448,245.40351282189826;
55.25304911775141,295.90252377406216;
267.810276203156,224.14161564223838;
617.5765802641146,148.82197057593558;
103.73996614699864,158.24084513177667;
582.2350520864926,111.5122623277876;
640.2287196451437,122.8710356507906;
185.6143452760379,123.27146359257728;
180.8909036367623,188.2575383747786;
744.9197005178047,136.5297696563917;
956.7041422146524,226.68333961622994;
655.6909995375789,60.067114756670584;
550.4167596267728,396.6014597886911;
637.0403153659774,256.43557304418107;
475.62199872030783,307.0838188064842;
55.47611292991694,242.58123815412702;
468.48667918263317,257.17698115688404;
147.52160837771953,382.4515774637194;
623.4642401999284,247.25720767645248;
936.7184451537804,323.9777647249543;
47.12656044491203,166.86518952664935;
870.4934839554826,429.67266172083134;
280.2893899973408,500.6531917595559;
452.3468707281476,378.8700320975656;
120.95601385212362,439.1105603256529;
249.39206685008975,471.2477674952144;
354.65016976377717,485.706087692103;
162.69332262964974,45.93490801670107;
707.3373339287444,177.55999156753742;
542.558073902619,345.51072034928984;
971.6714574272759,291.3970217835519;
751.0244889909577,475.19596501865857;
916.0383809583242,314.31657483450505;
264.352149477439,327.01779830929956;
729.6140599829566,317.38528352806185;
154.44998956448563,505.2723666032233;
650.2576065261587,195.5716098719709;
360.5065002838267,75.60718283254047;
150.35092698754391,233.21311053300286;
677.9615979929193,134.1578736760791;
880.8929178160988,375.2698640715696;
601.3350875817562,405.9740359346284;
565.1532538015789,451.92873052841577;
828.8089234994036,304.7196144587564;
854.8955008359522,349.9822209647698;
826.3623179349784,29.009755647569683;
567.6276350485109,48.91669130058495;
85.25466788471024,213.46492720591635;
896.848657845652,18.402840838410587;
316.4495722649466,176.77524988333886;
910.8689968038774,72.97646136980967;
963.3402276103963,154.57398881383077;
498.1595590820088,362.3880807818837;
254.74246764123697,474.6702905898428;
307.716515282486,351.81887328536953;
756.1657082908341,464.7126598719681;
574.7146036061781,309.36126673510296;
386.23220890177,216.0235609030278;
453.69919016608674,505.4930939239381;
537.9817321439231,386.3932070224847;
295.7504324593241,423.3273548429453;
300.8053228757256,178.78139307011313;
137.74460083960204,469.7391184442994;
668.4266139113639,137.88981088157607;
715.6256397359394,96.70532456706626;
925.7133146764231,439.9085341381478;
410.86092294778365,465.76302939288564;
190.27159047441455,72.3511812936573;
432.07307794295303,375.48665998025564;
19.83448700490197,126.32055680705678;
28.995184967608658,245.23342578002482;
732.6692807839912,386.49783844811225;
669.2918275542321,74.66609173301558;
626.5205099013716,14.33026113108892;
596.9907509708625,311.16146264839597;
432.7208831287583,326.48144364480953;
384.8961248879731,145.8605779680572;
21.411061498394993,269.485896051372;
245.1375009066754,220.96403778383421;
67.48921090039983,411.06356010682174;
220.54892342462196,75.82441314652881;
803.3332938583062,400.65450761871784;
880.9885472863346,492.0693181813726;
388.02871459786024,291.5646958349112;
326.0035157448808,196.90336211370013;
684.2306638504699,424.9130258045814;
644.3374997986631,275.86379428607694;
882.7039716168686,419.2062106318294;
289.5516763989701,376.49910429460306;
368.2778161905922,286.33359615382506;
845.9180776624077,37.290809944230666;
18.75387630403179,263.4935962795604;
222.72450351473614,435.3860173772771;
769.7722277777495,424.75842095066486;
193.43740917934127,71.65006885347724;
292.20384598145876,343.37903746643383;
957.477951700932,470.22383550599574;
455.44198614465336,301.3927541783847;
916.6288708867486,433.89615401253906;
234.5253869544911,11.182775519542933;
528.7447916548017,203.64575003948897;
486.54696217977823,282.77627967340345;
745.6259712351078,129.70455809052288;
918.8874114284607,56.97593291663299;
272.0495152965543,466.81871540378927;
321.92823839264014,75.26895442717195;
297.39213904957774,17.318722721003756;
868.3113404278055,486.37940427260776;
694.3249453796092,240.93767413102435;
983.1378249709928,442.928501623859;
499.42908050681547,49.603912475716484;
513.7021393505906,401.44727393504286;
476.65527295764895,509.63959023476986;
878.3829274344907,102.45656626352027;
436.40605260086227,358.2180401954752;
689.1031523164985,356.69238704855474;
634.5405086860536,311.11550512944495;
944.3354064050604,224.1297453992052;
216.19092684192876,475.32061529189394;
336.7489844074475,157.95823674525238;
81.1441126469966,476.63351247758084;
41.211320383989545,363.5025426102168;
449.1679705778794,386.6249341260745;
170.01334583671502,175.05591698519012;
111.43709436559267,44.44328044624218;
302.5903586672496,397.41946628290924;
44.63018796164485,297.1946030406766;
251.1106811396503,445.5106940861321;
993.734486083397,80.74446744880919;
494.3046762592931,452.2717919788943;
359.9185060904946,88.83197546021565;
213.40368627060369,222.79832601920566;
338.97258943822237,114.57714801319901;
721.7338975488839,134.38765309840784;
113.85838516972746,101.85983689643962;
485.44947814022464,396.64108444957975;
71.32945909977639,314.29760837015414;
143.04541701207262,96.69259006971231;
613.4466543775251,425.3615716345339;
657.2349727748705,360.538143868432;
52.59286725930445,326.6246950205681;
127.80429198986586,152.97931231096845;
724.1858886578568,97.5301407559737;
863.2810233671007,468.02440244758503;
568.1658874140027,294.96119799714177;
123.41268775519598,291.99846831624274;
868.4139049568412,133.88516142742446;
810.0928498016838,234.8586784291432;
290.2983949430151,297.40163062414814;
344.24890006272665,504.66553172033565;
519.1519152705296,294.2116192570868;
278.50573929721975,333.4680540506552;
669.9974031283396,417.7372036170777;
264.1536802762815,140.85554470323018;
915.4648725745611,299.96848851500147;
674.2799425850213,359.11612645132624;
921.862046099511,385.1312706609484;
149.86429051246841,353.8016989102427;
51.81215455873699,349.69915165325716;
965.7181874461388,226.25464381464388;
1005.3587824764443,360.7081222443231;
811.1864829208178,101.64407504780547;
319.0765072996383,281.7552710425491;
621.0933278167586,492.58461785602765;
486.4825405093024,295.45011883711425;
998.0759492068216,406.055489927159;
210.4930460402703,194.21128298470302;
898.1093942591533,239.5949371516548;
436.11896158868825,141.73450907636348;
604.9988095091114,60.34395814584081;
330.37447241363816,156.69031092067559;
212.48376679901426,475.6723766967588;
646.0059809297961,429.97431847516066;
686.6717961790996,250.6924080525958;
235.08531308606806,457.0457251354612;
842.8322325285123,493.0269448442545;
24.841429454996224,425.571536559602;
292.1865749582794,42.65638984201063;
501.76897071223755,62.78190294465857;
804.6336004169024,249.51833088111036;
927.5957498384246,471.75408052129677;
172.13639264102054,452.09720409194387;
918.2395177999734,315.83557350248816;
830.2053308842964,296.7168027358704;
638.3219573443722,278.5030929607886;
495.3010313998619,174.0035228124034;
662.2228430287323,396.11842235039364;
645.4949241237264,196.84679214645584;
311.6242658486958,372.17934096273973;
99.52131007912034,259.3655081617831;
150.3326683880719,204.68317828244807;
282.638194230279,89.79621651943047;
935.251780987051,246.49294167474034;
436.4527074131751,308.8288560895861;
900.2234456933971,373.5397609085374;
894.6665927800432,458.9195469393181;
243.6931032930074,406.0943020111921;
10.284545025439398,146.94252506268717;
438.3578412545436,58.66646228911126;
580.0899275415493,79.7852568376508;
726.9513582249208,178.02349168558345;
902.6477668083447,241.9360676736637;
610.3192057339471,307.2074547580052;
599.8052545361799,323.1642456362113;
130.53288379053018,414.638540581756;
434.87190545049424,161.6977343467506;
371.4740593469025,287.8300137850266;
504.2422143099352,52.70451885129528;
665.425105390072,101.21572750545836;
156.8957266052644,477.95533056711946;
914.0918851883439,146.9131901809862;
70.1850056488843,450.4629018559898;
713.9240948694231,11.68086746933943;
595.5872393563014,333.17545445293473;
726.6571677633129,129.3526380248431;
307.81973558955576,28.05338106091797;
359.8542976569147,379.2054448169239;
366.8124800868888,318.517772583945;
362.7494861008138,382.8756721425919;
846.0371171854857,64.84486457000165;
1004.8464513597424,243.55401942765215;
501.07639140155754,183.1001755417741;
180.53147790166702,158.81484033804338;
876.4062870967788,336.7273763644807;
968.5625258917491,132.88182671655028;
90.99576993566238,209.28388002574903;
542.2046547675054,176.12535904145298;
282.78845811610455,258.8102384354934;
1001.4128296332402,376.96821168454;
106.6932380482718,11.058195015098462;
379.00471681252986,416.19599174599335;
622.0932987677437,223.36655352240973;
707.341100662978,204.88518384544423;
206.88508506344627,491.2789805957394;
829.4704225229895,356.20213842866457;
347.9985166588889,363.47514054791446;
137.88912096187488,181.34008038054355;
435.96561007047916,181.9230348584395;
573.7004658453,338.7678714035348;
910.4525470435385,398.47111793643046;
82.55187533725449,499.2732246002772;
774.560814032253,460.32054715721813;
122.24500704737483,453.8876771756061;
611.8277290048043,45.90917434461033;
692.2772497569006,479.97661307911943;
102.7283652730535,293.75703253941185;
940.4149574333123,60.92915480902804;
403.638111156269,505.03424067832344;
173.63754730606829,314.04399363685434;
974.0800650212037,110.56034907193944;
809.5077238435754,15.708710255340366;
248.35360402675641,376.4529312277462;
388.7109009637234,504.8383003467724;
900.3005189715833,408.7154851788937;
531.914065082011,254.12148874740978;
222.62171155873543,83.08650945948875;
117.96969348010144,235.52770956723944;
57.793343453348626,25.455353170870655;
862.5508184129002,161.40144746833394;
788.8424122375673,33.76883786829348;
23.946049265918358,459.57087049982215;
611.8297571873721,135.06555570866186;
296.38394692838943,171.80340188214004;
82.26968229066122,13.736522347362936;
84.4118783540485,72.21125216147178;
961.449838668976,310.814251632184;
131.38000141127338,18.106411530506676;
387.0342921129507,165.52088730468066;
680.1110868054475,437.4271298891749;
773.7613639058064,289.2434751920716;
651.1570963974608,480.0569917072363;
106.33695143890696,360.5976121176217;
630.7334655140905,34.10114629316534;
707.3344861827479,481.9516469906727;
20.98778625248764,56.727630957541564;
804.8509745765282,160.45947268297144;
500.6111214127783,176.458878490085;
364.63954286148225,182.36070767559147;
32.73183583044713,70.3108431012993;
571.0129117111484,297.92752479871933;
531.4401171937639,86.36093637243995;
617.0783594114647,476.10887581206254;
505.721685427844,356.12181741622567;
864.8140127496197,98.6056646042514;
352.94696551895686,267.66349863196905;
357.69308574853784,163.06569987734926;
676.7162538353537,504.21964411072497;
678.2762595205478,98.46016694502556;
413.434726039409,352.42792291385103;
857.8499344050496,91.5817078954481;
929.807985437385,275.1493080518872;
663.2203400633975,398.8353277211971;
249.2658433138928,363.62279037027173;
29.520612839639572,326.8425727925536;
786.0236123458308,257.00272256503354;
235.61293691599792,168.60110086744515;
503.7186767493611,252.52430740772812;
677.9117097112077,10.328195422676536;
652.1038710802194,495.9645176869722;
215.22045383392472,205.300515804205;
437.7046052495529,110.4910580290192;
486.55271881496066,48.4957157192457;
621.0384622433735,41.07724736142864;
733.8395155861124,213.02271200123417;
763.8006300033672,379.330146757916;
776.7119986992572,20.670995889665914;
610.1208418141273,371.6141691478952;
984.2836187166517,126.68537566682907;
348.57298268735644,91.94566184165514;
838.7513723873377,361.8707059395987;
454.0635714092699,451.83389575969323;
703.0951402937195,367.04171162642575;
1005.1837275405859,485.3000187639128;
954.1143363946,345.8262788330749;
865.4812809669903,389.40969812835397;
732.4225793228286,436.50972033276577;
903.1130524337508,468.7771603145043;
633.1771964353319,174.20339097203052;
99.52017556814617,401.5523002159779;
311.2144663243468,408.57861869042074;
637.2525901840178,249.3572508686676;
870.2948060443239,103.04380521994243;
227.4478509781489,118.07434407261573;
404.4243527010383,60.64555896171596;
807.1474236654971,108.543754843881;
141.6714725507724,350.30764401485294;
834.5038727608497,359.08143839868404;
538.7982120695316,406.3545325232085;
549.2962214633957,221.62911840028698;
554.1887993831127,321.35162265172596;
671.5742418658047,323.48929345321295;
661.4900883938243,141.6213462603259;
738.9830447999839,304.677467432622;
506.0039951446251,459.1586909462534;
858.9240843447369,43.25595008537524;
880.2033282957862,428.09219411534684;
253.92221760843546,359.4497573430047;
652.3109636413474,445.1467259858842;
694.8365993254898,446.90806539176833;
827.6403909053249,487.64100232428825;
331.2527444323935,21.152421721050743;
195.8429329777176,486.76835412669925;
229.36991513487303,455.1068829811728;
194.83909592674763,327.57745454725443;
39.58580943734168,217.05759492872633;
21.77371333536159,71.68939714764144;
529.2868882055626,312.39179807492707;
793.6273558269188,360.63278683868157;
219.9864111732591,25.67327202906438;
537.2209536835236,20.326043856938085;
387.2035105243913,221.10492597487118;
96.06323237693103,148.77933853092378;
266.89679072166814,138.1387604000226;
761.2121142068036,397.96669371886054;
69.9191864353259,207.78620042617106;
227.22746402688554,457.69902284933113;
265.93811032772294,213.5071995336864;
40.97984782377195,405.49776466378665;
266.43738612329025,82.22917898277176;
646.1515033345717,61.50692680445895;
150.6839234421594,19.43221095279789;
898.3655156455437,422.6270483197762;
857.3000477687057,349.28214775790684;
405.5365165995024,288.4036255414647;
102.06138249594098,303.8824663268351;
672.1713256813326,441.4290659423813;
675.3167490804358,85.82236185369689;
639.5653745250187,436.413745357146;
646.8837449550584,191.1874943926325;
920.6867291820912,59.707239222304075;
49.204107276015975,51.11661364471614;
990.5619418450524,85.19819964587671;
907.918574976009,56.79639243363975;
654.3562615655471,353.3695533412598;
392.2994084506377,41.37858182110209;
797.3127817236068,163.55656586255023;
229.0397978419264,211.4262989387171;
848.4570426811696,404.0157644441318;
167.36603480763088,97.06472687176614;
520.6547617093872,37.74363519180917;
319.14221767357077,109.59005353078577;
702.3539956257447,375.7602077920067;
79.10138619145867,304.8739530886591;
535.3445170766163,170.67281551073003;
107.66999428996303,268.9678927921364;
770.614485991165,361.662569368788;
855.524755458957,297.89948075095884;
565.4668227361939,141.17172008621486;
704.1285757537427,178.820004782892;
678.5662641862436,84.01926138580478;
42.46498678444421,268.2385406813396;
421.85353103040944,138.14021676274467;
352.14381876479837,398.8174249931157;
393.26011895443855,141.19935316474485;
380.5797074894939,177.44255450898942;
339.1840054664511,167.09423969316992;
217.92191624555622,382.67012883050495;
632.2429997452921,211.063569601305;
936.0047261492921,348.26930020886374;
34.72581793710127,223.13594323264883;
610.2384069478397,382.69508570185735;
731.0574463858493,74.34746685740156;
778.7029015990058,251.0123438555593;
113.05720398815355,161.02154397378646;
533.4010056874374,213.33487313200567;
606.4210627309039,431.4891555004265;
705.606960702846,221.5375070014695;
608.5145121827321,279.3176484846393;
658.0018993080529,288.60107960465075;
191.53019491755452,55.47112380243351;
507.8316928848632,476.23169486279727;
102.03177343315794,131.96527924798406;
501.6719473134979,342.8424952396223;
375.7838331027272,340.7656006440167;
609.139191001258,34.84083764201572;
72.6520647379919,338.7770536521485;
209.96522682882912,113.20148963404301;
417.6248422224601,207.74661463404092;
905.710043706031,475.26581024382966;
313.5936500650892,395.03044901565494;
774.1620832871916,16.33860408676201;
489.87652006161466,369.1831390380723;
713.3428169113931,505.72509648120064;
742.772262945752,63.368421574030265;
176.40125915158055,198.13986840461072;
325.96633407443363,338.99439958067813;
889.6177372928904,345.68880199907073;
279.95516087749985,29.022871832485187;
940.8267400349314,498.29001026957985;
641.2392333921101,141.39812621563462;
253.39923818034592,379.25438761065107;
263.989708874557,50.20664535208945;
206.09906063120542,156.5084695630649;
749.7975548988989,74.18483075973452;
40.17313725311666,414.78173195497857;
982.3427376429621,52.51976901351362;
721.7708264894718,379.36690526393056;
15.570310730881879,189.6330479301414;
208.2008121160429,251.65273928536774;
856.1751075532305,168.19191998161568;
385.19633489214124,483.98347443093047;
881.2140099271254,72.4080482569499;
762.2917160659647,255.38128144584675;
407.8281004944768,469.5544825135511;
687.0931175397903,18.54741784147217;
227.27433511964557,313.5527225327251;
89.7458727479814,41.857819609287795;
591.9793311942084,392.1853368624821;
906.90112733893,84.3030946311532;
302.808624071341,340.3474086614248;
111.26454057156509,44.8217022628558;
584.3152268052172,356.0241008829835;
693.9778719371797,139.28362807029575;
830.3791216632683,169.9410073125298;
691.0658612591639,438.9405906223837;
266.7701400547543,184.22622513685775;
609.0054040381186,265.62222162800475;
733.7728770588371,218.0099900235309;
379.59011936630117,377.626382290814;
778.8026181047326,272.4316294086846;
809.3950017171989,112.93226628664858;
784.3410277397887,197.33247205934805;
437.90435164771577,148.339005064949;
657.5537686051838,230.73720981601323;
143.83121042455605,496.0370604155751;
84.31422305629232,488.95253659081374;
753.2115642213203,399.0777164237935;
589.5413518660174,274.0251200828813;
333.74027323453356,452.2177891907738;
842.7018717252008,196.86941933324223;
363.2262842567102,66.1563758726532;
382.37012567416184,150.81328091530244;
979.088353342734,184.03225074763517;
70.4730016959667,286.73494086210303;
1001.1554104252394,131.95114934260403;
925.5768604428673,233.34213628674428;
380.74494157682216,174.8502568480301;
973.4008056437552,465.75545937224297;
11.97459733676142,96.3554022364203;
321.914231336507,61.65794467013046;
376.63731185360706,34.12830364828372;
793.5833730159583,95.09406962179233;
460.1270956023076,492.1043670046888;
309.1966926539565,309.2321021762411;
951.376657834199,294.5086070546479;
111.8943231193884,407.82004717588836;
49.84361397569458,271.6654096845032;
832.1264457309833,458.046115764157;
328.1876172603282,182.08993038535647;
647.2775732449577,393.840124798061;
495.25622687596814,211.1701943036321;
20.386215374000084,468.631792706444;
618.333690556764,326.2668829234125;
70.8235606831713,13.5174680211722;
968.7772781603574,286.7901977714342;
950.8938618037452,377.4391281685255;
698.69822648399,396.4322746343163;
892.1705477568685,112.80083766663606;
864.3589568071255,244.79279518977313;
478.51218642172097,455.16151692673975;
464.5399164825015,443.5477039135484;
42.75512796067703,162.84879317941335;
246.14019690215594,301.08907230494316;
66.52662466302682,416.7583220953208;
309.0119114298838,132.36411370198238;
212.62439077645178,125.47634371964615;
373.99110305072236,391.84054819510186;
278.4454426846865,189.74325728279356;
1001.6913666391924,45.90736540043415;
508.58627967252113,262.20611646157147;
909.1820815453224,385.0059293644281;
432.9202396663593,211.36505926496744;
704.5685061042806,181.09412173505595;
53.547627041383485,276.70766936310696;
950.0951959644972,273.0736422825998;
908.0466432936327,158.19568088520745;
446.60777606270796,322.20000944600633;
762.9530146293243,288.9680849683367;
360.9397524922242,187.16335848131354;
116.15743234133568,48.105517544667954;
661.1749561982934,283.23291232146494;
30.175863000755466,384.76238154420145;
531.5138076439545,448.00024916188966;
723.5088281278934,379.37532140553543;
727.1589582252838,408.3199115630994;
423.0598640397731,59.41533354338723;
320.62225740676854,363.68550400435873;
778.1087591605163,397.5712037586573;
557.9983413566471,16.944589706720738;
938.8457112185886,506.62385078942845;
571.8692250258271,21.037479014837203;
436.63979100416185,372.72200747624856;
646.6819558064327,319.39842804688595;
445.4783123859792,143.14103581135998;
301.6085712020586,165.9899039342037;
314.40408310711376,475.31283773747487;
815.0594511549882,430.3364840660902;
912.7833528176482,106.56259880259526;
867.6924753973193,457.054608103584;
194.49188457180722,179.43583407539748;
577.3210897379905,445.6283585738316;
960.765387011443,72.95294989482109;
100.55800137149761,92.67006460920867;
747.8325899983654,474.8674174606684;
136.27066092855443,450.1800424232664;
846.9554867002056,413.9327168076255;
230.9448563807117,215.1390356202105;
971.5854846822664,285.34783234397173;
167.72429136265643,361.54663107529586;
495.2553914063873,328.2712008017051;
19.636482129738443,299.27437336247806;
890.0809212011917,137.2048837925492;
963.6606911862683,507.79874978782345;
355.0740308663126,188.88525464608367;
189.41359549447267,83.67070363660628;
319.44018297526867,443.7485721392843;
891.8693073958575,246.9189235411272;
421.56152749194297,274.8515032396605;
842.4267874336972,325.32699155414207;
822.5961077046052,20.842816284941158;
204.0247441303683,376.8443157369426;
907.7537808412953,343.44378685698564;
230.63173217353636,149.20616600853248;
126.4096984812879,285.49621686318545;
67.19055218679114,203.36740219346677;
972.5675839119302,66.13216635680152;
495.2828438702499,122.43769456095882;
502.82438307836185,123.39112646029103;
60.20740318596639,339.41316429963297;
93.34198809646165,372.2619980697507;
688.2652284131572,386.0860951499984;
920.7942743591605,301.42203711565946;
921.8196900984046,348.6317184309938;
972.5124283748436,475.47539349192874;
850.642482606035,336.97251222177397;
252.42997124912702,474.9186437523532;
72.58504837696054,233.4449180464505;
186.02765047473278,78.21837705728667;
62.106645771889724,486.8438218921834;
828.419519997538,27.951008022131287;
224.69252569212605,468.44271113945166;
746.3058468305805,457.67592395912254;
46.46638191048246,181.42693130348712;
676.007902457806,377.3751448309613;
422.8004837980831,186.64615847703513;
383.9124145737962,428.86156018709386;
100.04524337256304,298.1961306297124;
19.220868375007683,74.69832155640786;
957.7540467747721,182.6669911742444;
277.93740481130965,366.37955738988984;
856.5705374838901,273.6288809596112;
546.4736449144045,35.55360861442274;
479.42355686210135,180.12104272672252;
336.970065248834,219.89212684693652;
468.8852182289416,21.50208883998949;
203.11855072562855,398.9159674535474;
32.21944754197369,238.28910330184914;
534.0637837709775,240.69051820276476;
990.7945725871194,352.19975737117807;
950.3138366663467,14.779515476365571;
975.0140091738862,392.86539777790557;
469.5851312928395,468.390324004999;
795.990425387776,174.00048747276153;
964.8038502377437,213.47596529543753;
649.6088313307046,37.71208170253936;
639.5680789059874,124.61378282314405;
417.4220075215149,415.96271155828623;
62.075147477727455,84.78675971035715;
562.9219333390761,134.00593014959736;
511.54423946875824,366.3521370009457;
286.6635395199726,52.21226441540643;
993.9997334432095,196.74111381529153;
854.014913602924,353.7941901839265;
722.5308919483493,59.0861826079258;
903.4026389382464,395.7669212386289;
695.997821123215,76.76738588435754;
578.1924837602622,147.52899219175373;
123.21999712920228,178.18858963068772;
126.6913168856879,446.38914327458383;
694.0523583685908,505.91363136389134;
837.4905716842314,140.38597196893974;
160.26012208406826,472.7525953781336;
996.6756080523486,250.54332203750639;
468.9922602462496,16.813396770250833;
926.2538823548314,281.22134775830585;
174.94136675616522,120.0785465441979;
420.460311791378,481.4646247028339;
537.1024091786869,118.6309683962774;
175.18948430633372,460.76383734589547;
570.2862975887682,331.2444924113287;
916.7476271277009,177.38172211562812;
543.0585138194103,285.47087604694866;
921.7689897411972,490.44782482339616;
585.4940674597143,502.8949553001423;
934.5281602031764,434.666113424632;
345.45774422071804,27.784768472983657;
207.5998525664935,391.50353937020725;
785.4944686452058,384.519398418382;
109.8684821975917,336.7260964607983;
666.2669832259228,112.31960399651435;
582.3136935360858,341.6979467626308;
515.0592963433199,263.3184288542792;
507.41370090190395,371.3876413673638;
243.9448087349002,474.3877563071701;
156.50316391105068,108.49701365126151;
542.8556325253369,23.307091862791054;
857.967029951034,61.12670012718629;
852.1612422789361,219.5440253820831;
430.9002038194201,228.64828637823874;
20.12381738922008,436.72160696301626;
494.97035398771914,161.30266905053563;
25.920043718316347,379.8646443329669;
404.7087693760195,91.01743191753386;
16.740976434731483,140.24144372660456;
746.6433001244524,112.57386967205262;
11.510460028836258,460.35292279708165;
201.90947249224655,232.33961369623373;
595.1688148325884,73.61004661379305;
119.34213089226863,487.5227223983704;
65.22357114698929,348.2821441701451;
512.5706932997282,329.945723387744;
828.4990824117975,29.460356834021642;
911.375108468574,420.73955851855203;
531.8606200946048,126.96750442599534;
98.18898502777006,143.83443059594487;
654.7583577803535,90.96482169041546;
452.72430670829567,149.3002825618646;
136.1304939509873,316.73598067877367;
657.7200721536763,71.32121008927282;
868.7986494248294,502.1567075492192;
285.40779179534593,468.1745419652383;
903.2433585026209,304.87224881914204;
119.69628499268703,90.98475164793322;
339.54655244700217,174.56771717452523;
348.5700549838906,15.543660635986047;
869.5746310739734,185.16934422420704;
295.787832496764,342.38463046368435;
510.81435709646115,247.64854870420615;
294.84512850159314,436.837811521287;
601.0390712947762,254.05599854346477;
909.5412145346888,452.9978496019678;
1007.769593167742,281.91417035935785;
259.096772027669,351.80084593002357;
355.68367059556937,504.9670294587378;
698.3057405387103,435.34253245449383;
1006.0315594302365,284.2131689988531;
662.087248927831,271.6593084792515;
912.4328191664152,496.26632831603456;
102.37766047708217,493.9528907992551;
735.42367260321,178.92593420701385;
838.0883605005127,118.90980069656692;
74.4710958311484,227.22572304891486;
745.3899640137302,37.25165820958758;
448.1615749546734,417.69284594133035;
510.19921044466054,422.0901151395633;
963.7773194745038,347.0725212740344;
333.7690258068029,257.0959470277072;
968.3470272616868,237.01125973302578;
608.0780221479333,55.1216600109956;
528.4657813080595,168.06453525723867;
641.3877646464932,373.6130764757554;
591.7358258605601,500.45912108429053;
560.2896245307506,408.20074506290115;
593.0654489110096,147.04632586795512;
17.089709358150785,154.43396571257355;
772.2754922849491,178.5765966495595;
895.9721300066839,34.026552529508024;
919.6605255312744,145.7394630918447;
975.2256445348896,247.29227519137874;
839.1424353232413,437.193003683165;
16.27253493840463,447.0466072435048;
642.6807179388094,453.6465030146713;
344.21011024879897,212.43685785395436;
890.8268119226868,209.21919626920302;
548.317408977354,252.16040029252306;
335.4535248546233,166.11627755743356;
350.1025233727085,39.11076050206385;
542.8260076208608,467.75792988142007;
73.76629484201467,69.7937541460311;
679.5294049725578,486.2812560450714;
96.57398944272276,127.97138148050406;
777.3697100634715,378.55110197105273;
559.1370462819443,11.16465487399492;
86.2244519739128,446.35196686438746;
502.8256101612045,107.83400659852143;
455.9795983137389,114.5011536660525;
693.6991665746881,407.4631088520233;
218.0912566650912,209.1701275696074;
874.940100900946,489.4190549794269;
166.12720296562844,116.94509064884694;
283.99106475056567,66.03279535009003;
594.3438985545861,298.2218003914956;
317.7328161003822,345.1093609063889;
546.1754375624738,342.6754314185447;
349.1386221306989,16.732627363365552;
905.7148441103923,308.48783885947205;
719.9051021016735,375.583033241587;
445.3218459588393,482.4016423857213;
314.67126589104976,281.69991437527716;
132.28270096300986,469.4587987825417;
517.9200529874053,300.48400868986266;
711.693733809423,492.9709113888359;
405.94503737551133,352.8499787191674;
32.48162633112072,19.582914272475705;
195.19771430769205,106.15842925824552;
190.71899687228432,180.14833948695596;
75.09786247368055,426.37290150256155;
210.3623071791276,424.10868167923445;
242.9799898700733,265.20095138234785;
823.5725682217848,297.1237752131094;
856.4609897598611,102.64858265112736;
564.1889920759196,387.4707539737969;
85.39753093937362,483.1314841119864;
691.7255834036978,48.40784708108041;
866.8332556995716,248.78812351857897;
497.8332951783265,36.636558171120484;
750.2933798841533,95.16858163248314;
458.12901531716875,142.188935585417;
