[Boundary Facets];

[All Points];
592.364038715649,60.962554555106564;
421.42737845704534,264.3545147682801;
869.042119635108,178.06129164178373;
621.4324832678245,214.61503101772936;
836.9407320759733,225.88200910491832;
101.54391941060092,279.2626439547004;
111.35907770701836,408.77920704242484;
609.2155439064853,126.54196430287655;
567.8730183121762,475.10053878623893;
40.700160381663565,235.88177472667581;
11.150442424525666,146.01773565975301;
244.53716998284446,426.77091257437775;
986.1674124252564,410.4504998940937;
597.6232421302963,258.0468087896238;
15.108508512068898,443.24330796970884;
34.65303714863898,344.2221964220167;
852.1775363700514,102.9059961942278;
969.2653650766964,37.419981535534376;
988.82101816995,228.8425126668506;
59.09357551054361,410.176890947114;
138.7890428790849,96.56046174530047;
832.2716965583868,172.9899894259839;
57.36832998724194,58.684342729206186;
212.21966815372272,135.77501573125414;
638.3942249656482,46.45738112558683;
346.89151579412504,190.99773695285458;
887.3046454292785,367.44171465805437;
798.2643137632947,134.79018736694997;
829.1688347150908,444.53387853615857;
547.5327201390595,295.68688787531966;
829.3916172441939,374.227679832894;
197.00754085273385,297.9966623940609;
549.072518162411,218.60657117659485;
458.45145245487583,237.01209995531795;
96.67081641562847,308.3833787324133;
186.0636725813798,69.94524836643188;
885.9937716488517,361.1250658461831;
417.0275261557712,431.61357551871515;
559.2967501207959,259.7747586991993;
878.0725706615809,468.26064074867446;
453.84866323078586,291.5799627904187;
477.99661868622155,470.5243520073009;
859.3461060020262,506.5700707365563;
656.579037772114,444.6676438029229;
815.1792130418,332.6016439130405;
883.0102818025621,395.25009060866165;
392.30414486895694,121.66260632709336;
119.48277125701944,315.7061627393779;
14.428411509770136,36.18306176018403;
799.1957506996652,341.8307089769634;
648.9393695005526,348.7412380486946;
521.6806839384067,443.23585314061734;
591.6950611547772,228.97269480276975;
983.6608718361475,304.8850888096559;
153.2291105654666,341.47771593161826;
219.63438911336874,17.34088821522072;
95.98239722630763,251.37022044258677;
573.4439570661633,29.468043524413336;
91.84661871050191,143.86890733890212;
621.3801066173993,55.58674564286713;
718.1214365970941,503.68830200891097;
221.33515373970147,33.11595010050027;
135.1069838641339,278.98180955255214;
902.4518321281184,95.3276783678199;
342.8638439722085,164.6251040160544;
164.74630467886098,317.12348067988904;
552.4540671975443,191.01494797295499;
869.5454664127498,22.19362579752492;
253.88030197303468,409.1500363342389;
650.5319070517257,31.652022583227847;
447.2931502226315,428.3523972590413;
239.63083072948342,193.32445236753452;
763.311980418861,337.5045928798882;
347.24555232089284,167.78270684521218;
26.740355048204037,311.30179754704204;
464.41616569469625,121.56996433724525;
990.7553855946518,339.4194861254822;
745.188769904207,28.438447722637253;
775.2797446789612,329.1300905376121;
299.21130178018075,115.69688629725088;
24.179670426638367,80.59667390196994;
730.7836390580248,16.804497511266938;
683.7288377674275,14.545642392099536;
925.2033740686875,242.68604623510691;
740.1438485084851,405.4530347069455;
106.37694653623474,212.12781228297766;
267.35256346010016,482.74878487097305;
173.97698880967647,147.95166431511313;
488.48111921240366,219.02015434727238;
802.1711999732772,357.7402790449853;
991.1341286427698,267.5212115034692;
191.3572080320146,492.87993175634125;
812.0152836562303,131.4535195386191;
120.50187817098677,339.00462473417946;
703.1649092804319,110.5017205897995;
662.9585721334895,30.84489574378101;
962.27472398693,199.23353224235524;
148.7010429545963,329.6469275290471;
598.965660835574,371.5028062909356;
553.8216482659827,77.43451502352083;
427.501392022659,262.967443612966;
396.460390913081,57.404250795855695;
727.6036025739916,496.14716313894564;
427.9108466626319,300.8476675593166;
551.0751923413719,164.28764570311537;
613.857207032435,61.215016075676964;
649.8097514509011,445.6576654138316;
480.7362713823037,237.87923791211546;
624.8117353001467,301.4756667551904;
683.4971094898602,43.43506867075974;
585.5730123339865,195.36970885950947;
419.76598678053836,314.54209893226613;
475.5135146981574,187.87221445278868;
761.6466934339004,130.17712511405477;
510.5116701737646,468.40622573191257;
63.46838303048018,320.45049023801175;
735.2314908044251,364.6354155809479;
32.19648430866306,199.54755185207307;
992.9855292223864,415.1094895426854;
606.2334649228503,428.91175535175574;
390.0911568086327,300.97133051484076;
296.6730265188484,154.24743113989192;
698.9211152331699,135.18033909962008;
238.68539840398304,321.869706592532;
380.2898993431447,327.3650205699558;
527.5250101257033,388.38129211104734;
704.9873932192486,368.7401246327464;
737.5977638499679,455.7418236018286;
637.920015646337,161.26003095294638;
707.9936762489531,270.918560195858;
458.9725596060142,86.18789829343852;
622.9026211593267,502.376395568193;
60.82986129516942,376.5223039543026;
781.7348992893284,92.74088884950703;
666.2615387291128,509.6955253674964;
390.9705080186593,160.260484331369;
296.7900605676248,155.12204362869124;
234.05007423704603,89.9344044709916;
525.5791523628733,125.29437531426606;
756.6530779878775,296.7679389940841;
242.71302078695712,97.17603716074346;
422.93261235125254,23.07711286592844;
143.7010699974669,425.5120924660556;
819.4975002285751,366.4979523092956;
89.15504920374129,503.87718222418806;
61.15041830129918,313.12245323984797;
180.42333682240894,194.25190537838054;
371.93372069094585,205.96594964930242;
242.44044752468918,343.92470016164424;
601.5481534775779,211.12437363747466;
535.8526609893221,426.1666196632046;
700.4824802183442,140.7255386577436;
223.52386091251574,387.11039477292013;
168.0982448659689,273.5105962626899;
925.003750477239,196.89879068244608;
979.0964712319729,489.57750220436066;
465.9264144882044,199.38799741495632;
366.60572413754386,343.8549889146072;
227.28482860129773,328.2358856118994;
863.289720912185,308.53519162284266;
978.7656439217424,153.69047860942302;
168.0487692984338,334.7975132148689;
629.2143897393594,139.32926221234698;
188.63148240185888,240.163368793889;
115.4702803821842,40.81575725169483;
193.16791779069908,228.0550175428606;
444.82395816632135,119.62972608947696;
385.6421089200626,116.6515066723503;
1003.8159609322151,31.089633863973667;
955.2120975353698,334.2350474826954;
931.4029916390691,456.64997361408075;
968.3660904587964,506.3643010101777;
82.30936252845565,376.4791464837001;
388.4253909963158,10.119395026767055;
308.2732617118589,43.934214594694254;
486.3867009600645,61.92426990663218;
106.50591097795002,32.32584338546134;
709.0768014637274,476.4664513798708;
609.3062456215036,138.18687548144104;
607.8091621304245,319.4991418813323;
458.75663684102364,181.42180913511444;
656.1048367498225,163.29481127051596;
596.5617945526496,266.4763737402539;
29.002381542674197,123.77508297871152;
981.5408829687738,474.81771444483127;
261.6460403459562,438.96876341163255;
102.38581172101811,440.3505428285485;
73.92142199653628,274.3481369404031;
80.7900792495969,367.94912811214954;
625.5490687908735,213.62633487406046;
872.2448192662991,201.04055487232185;
914.964548994446,77.92678542151981;
692.6941041789657,265.645989637336;
255.6948950313923,446.9231020205454;
848.6484528501021,316.9710866335876;
643.1969889987004,11.670820707907083;
593.3366189804435,82.5582355871755;
410.82484801568677,311.23295409038656;
589.9933884591393,338.6652660311902;
590.9799457644486,162.34934349053643;
191.59132763691045,382.9033514459856;
164.76029074016628,175.82205080466255;
147.21502534451656,136.30314842272466;
222.02151797052915,468.1966124223959;
832.7373540644213,236.72965599912882;
130.3191864835539,326.17831101180474;
324.57855641606017,174.3851297552425;
565.9475046399385,339.4666089828139;
269.79948889587257,373.00427593071134;
469.32412648756673,322.8987966965803;
274.4870927848764,224.38768192967817;
629.9438216323631,243.57873346906743;
56.558127963024944,36.17812944072779;
406.1185487147304,139.12851030549837;
271.68281934514704,427.9341992174285;
551.2704276317704,291.43435457042244;
492.25784114052925,103.41834663601323;
166.02257972731826,280.823948130982;
553.0324278054367,179.74447244326745;
706.1979090511797,59.631145668167065;
996.4607662911451,247.68723212821098;
317.6367798164835,497.803926548988;
388.97075204731146,428.69664226607176;
738.8430390846204,457.6624657267552;
962.7352866592079,457.72201550019645;
321.25054763148677,337.29281784940264;
781.4778256829331,456.112576316053;
794.1920985878995,304.12935910756516;
862.2891559917545,14.901433222803398;
257.4386394426285,137.2078114545497;
63.724179671024054,250.77151307837303;
315.623744665505,474.7113460437202;
133.06181624075052,183.78619134189904;
380.58490043908677,103.49126797383639;
219.06435498865716,251.0845898884284;
464.6243103822124,413.2695964175883;
131.18211155020353,354.0100947370302;
914.4742923030917,198.8847989531655;
229.68744797320494,220.07567149739998;
98.65349161283764,84.48764811540576;
814.8819439088832,319.4720323761364;
572.8055210378234,167.48805589677667;
829.0366298821464,475.1587688172096;
280.1606921029988,475.5984324030853;
89.30518760062455,370.836350446165;
483.995766548421,164.63779750499646;
48.55382422657294,303.2135248747479;
761.1664797050337,382.61752456628284;
932.0180201114707,332.2738432635155;
448.70637687139333,40.543347435096294;
982.7316314205264,317.8957181845235;
837.824775183632,184.77575785161054;
578.6114839930436,311.82276579398956;
101.8762965578095,31.503900165588952;
626.4383842401851,183.87604680149377;
474.54852792260573,415.8172102953628;
455.64603621356537,108.6707500503075;
174.41564639609553,160.62989561073132;
280.0367421930805,143.22369998401555;
592.2044183020565,277.2440579252665;
822.4906769436891,87.2272977016349;
616.857275368033,170.02317843822678;
1008.6897287634683,274.8365561636936;
40.21929633654585,86.3997402532065;
309.52388679933273,311.55329408967793;
121.24251034684119,209.97072392818478;
335.9581949844659,152.33670021819066;
108.73463858858666,357.67873042450515;
635.9197868391377,312.88853310375646;
218.8396745882506,245.0768926752978;
677.6834422544238,426.6845106493226;
731.3908692427153,314.42727974861214;
893.8282014063276,117.46404014079897;
637.2856393576163,96.59855402078553;
131.48787577485297,147.4841056708769;
967.378074367661,76.68769927184948;
620.1833223023074,228.53895654793854;
699.9140706594861,304.24597009485024;
729.9350623370411,199.81913755883377;
292.8190377730717,343.8634627195199;
384.45633911544786,298.56237605150096;
592.1837876414877,445.8677203147806;
964.202558448644,157.57705808444265;
435.03297188626834,507.568390876478;
898.8220963642453,257.6911817731301;
319.21163306150544,134.0451325719131;
938.4604547316758,327.0121351734374;
701.4598700189816,401.6208510461025;
448.81456002380605,175.53167740878817;
934.8363845767622,22.458374114265425;
816.996469384374,265.0253050808195;
876.6519422671959,207.75509594860154;
875.5638030345232,34.495379296055944;
752.5404121773138,56.09617524926834;
984.929903185068,227.42064923063776;
504.6612849805091,164.70283902976234;
308.99716560064485,371.35462231591924;
801.6833703031044,452.23615025497367;
918.5371687668941,323.9154468520873;
147.30274631294859,36.98355628073978;
632.6048975277694,77.72679149655725;
616.9886995486148,64.373498281656;
388.93897481013903,336.0006291792127;
42.634475065169475,359.636634454159;
1001.4808335335734,326.14695381248214;
811.8590365621349,10.18427925955178;
985.8752701924766,276.64838497532674;
917.6038075404177,64.88191577629127;
223.6062988156454,507.899401315816;
729.3290717636845,373.0839193916187;
69.86969532769959,190.29165801352076;
653.9849947818392,422.0999494185656;
656.3065568401514,486.3568155763979;
638.0271731116483,494.2874891616011;
915.5266094735317,19.34216451119363;
789.3475300420948,389.994773161514;
751.8855311332721,56.78807882858066;
741.7940717041178,372.5972533747169;
395.62925001754877,409.7918721248774;
104.07814924985203,240.08414291024081;
814.6091590495897,189.88812582168185;
431.2775159952189,495.79641100951034;
697.0637148257871,339.69631007017165;
905.4354646157695,162.99898474953238;
708.3501367687941,346.3359599650051;
518.197373278988,147.09789324784805;
934.652480445537,315.3316882578427;
422.25701073897034,505.60219671710064;
66.00068884966147,348.51128010946036;
82.67945728848768,312.4575301241007;
157.25603305528324,171.4811985725148;
608.6816369115975,432.9750578198931;
140.2787519401659,216.92567386615795;
818.9953960386745,309.2031005621004;
747.4299856132372,215.136577634981;
297.20559803951187,441.87275780375217;
919.1579663610855,98.60848369300295;
919.7806689262158,211.01337473700048;
914.6374274621106,186.98597245347247;
179.98721811775565,418.6937251094142;
817.9661473945093,156.3448774420799;
97.39136383290736,488.78904523588847;
757.003307362134,338.37478526307;
437.1591380766544,223.89214391066153;
72.36324824842876,155.70358873974394;
974.9825833148782,399.2838053851547;
108.98880879545958,358.0951872384874;
998.3386380238943,89.30961384422042;
423.5646615306001,201.46443238489363;
345.7407370492463,303.9687314898924;
661.6299235036782,130.3492616704458;
301.53285248977056,390.98994101954804;
1009.8723093698478,258.16699417557885;
477.7732387766121,236.73621170567236;
374.03736459428706,150.60337948916973;
361.8042110656454,399.5011044004894;
910.6697492757314,302.2469464576149;
797.5725106223001,309.74794301081613;
339.2358045210935,14.15902958767389;
916.8537231765853,38.50720251444244;
107.57613149736343,404.5092010575479;
679.7685613633984,206.94867044112124;
957.3326760922915,329.35072843729915;
450.1405928081542,492.2156260252623;
670.986734436621,504.03675433926827;
434.4149342630542,140.85420187423074;
651.9004572941093,37.51151963818444;
225.0474293035699,444.43032524075477;
407.4487232136966,199.11021910662222;
310.9468562967316,249.382169898832;
628.4556099444277,25.067912113132074;
479.82924431287154,317.8635060778239;
527.296532081755,44.277822339458865;
625.9806938752864,218.00373703738873;
872.2607308967794,323.3894221533827;
93.46494823584305,141.29974397471878;
88.29013506309302,185.6608263967862;
496.44568560631774,73.93991510597685;
844.3508991542413,117.8694701447877;
286.4932005703874,303.15514408394824;
229.73897387919573,13.326332517647302;
229.38814963030663,463.66961224461795;
733.0076372597305,261.69143565617117;
280.9998219288787,178.6350552454588;
470.13524731805353,144.73447489023593;
659.4531876796024,246.01216785963402;
41.96073600224902,86.43678403932597;
184.43980663699344,439.1071432633604;
895.7490723476371,17.398516018742196;
192.60845778401435,351.97733104745566;
280.9278672746839,152.36973252450807;
437.2902218446115,181.18429071145596;
528.141283721873,274.51975887327944;
401.82759512977685,34.39286887073627;
819.7546319851398,231.93678328897758;
77.96485317899581,363.8634615494209;
754.2173904908055,475.93895706979555;
549.5208912044576,226.38397594801205;
70.35185086387074,225.0897098038629;
642.4254670850898,70.74896664760482;
746.6723484561161,460.9173862923516;
920.618513437129,94.0055404977913;
232.5396133800651,227.78791126530788;
278.2599552228291,419.2613271328729;
538.2993526541574,50.46587428030768;
70.27408875310813,372.6350261554911;
194.67552516309306,117.86666175524573;
1005.0270737480209,320.1110976759539;
625.2069723175644,302.86861926741557;
561.668194360756,46.99501619153328;
640.2352117718456,502.7786394369069;
953.6050531436026,468.90907058826474;
415.7037587290049,267.30781471388315;
860.2348726076057,205.11611513237986;
936.4828067530019,33.93254763234137;
519.1684366657033,493.10279943713124;
391.02111795841665,118.0147287400275;
187.38747815309975,402.14205066917975;
551.5443389083189,461.9426850748315;
949.2627408037035,174.2568091111816;
60.322460189203944,175.95837874470988;
247.24073668517943,62.6992944069441;
650.6584343161288,190.87258353297108;
676.001487886136,286.66148745892286;
92.42716454935672,493.41179518382;
679.042597963074,31.718124869073097;
815.1714598596352,441.3340346048926;
476.46792229466985,266.1452768617888;
121.7767324852661,399.5114068050193;
767.0390396288012,281.9174794586837;
338.09962045397646,355.9454989888765;
783.5698284484696,158.48885176132114;
960.4901275261178,169.30628647406942;
197.9480233224716,332.4358162365847;
462.35986940194283,75.36067852351368;
86.6518935906666,399.37575236357526;
501.785675341603,250.72748575843423;
608.9452749052338,271.88292107372877;
91.3086309546136,212.55679380120006;
270.1600268611841,307.65395047911034;
645.2209724621031,40.232615137773976;
640.7002769705249,470.7863759761988;
115.54957883478944,364.4079092661534;
659.8160986896149,500.0773621709436;
153.9293339601252,78.36687971955313;
893.5384652999081,445.4565188368041;
427.2801343616679,86.4858335112007;
717.9630984196731,94.23999946398048;
24.264275066191658,97.02903784540416;
372.2808872816876,127.57447244968967;
456.8843148117381,115.02008600947016;
787.346367809307,422.0264322684547;
261.20569228016376,373.9623859135207;
337.8087152659197,432.71587244591615;
970.8935683064557,124.64344407860978;
272.615575434325,106.53129935735993;
354.9312369835006,454.91780660397205;
666.584707157516,442.9084401679741;
344.53631104586947,129.27559274817895;
46.37607553588429,115.63928336992696;
979.7087120929709,343.1032096240401;
991.6483237961417,356.09468709780714;
668.8906498405298,347.47952097414804;
520.8995876958468,355.33189975631285;
326.44540365209383,17.421317355373823;
37.81722819288146,234.8820102662608;
58.15135084450017,268.36121644676143;
43.12122175909793,386.9909750674776;
330.4542635371087,245.64728912530302;
445.69815315961404,445.3411166760671;
280.0638867505403,191.5604326138165;
497.8785381247409,508.2852461932172;
670.6674291001891,20.67479275990818;
452.47111244553207,482.6325620057228;
179.81640612274674,233.33614838567823;
443.586405393936,195.71133307840554;
248.4875370203452,30.809387241982837;
672.2236498538971,54.79058735001723;
275.5385503070359,193.71497592784368;
907.8675954747146,155.18979784262737;
688.3299601704496,345.0688520998022;
844.973981600252,47.52457264415232;
60.08189385418227,376.37025497389624;
574.2459774748519,139.8093222677532;
78.14840856257388,121.54550218165221;
84.08309846637961,153.0101573503036;
253.04132530282217,54.037496898749914;
113.13498569633317,11.28412852804216;
440.1899675198817,70.63144551285782;
905.5890657115547,237.74825157849338;
824.3510153488168,440.0204865298245;
595.9067801940761,293.76772526480084;
923.7363405273306,301.2292849560697;
737.2831003895578,317.93869938038125;
623.145252265287,68.44171386509305;
584.0960937367361,67.25269147504397;
729.4265652968338,32.26678074720695;
646.2512543537504,482.63023411461853;
490.6867775454068,484.16421911459094;
11.025410104300462,141.24609659585562;
937.331159866594,325.3835262683267;
836.2628663658714,417.79670322670324;
972.9952347202204,346.28901548114914;
938.740589570329,412.707698568717;
474.98478028925706,423.9719330397298;
830.7047497618202,236.28237372046468;
461.4553137760323,332.2304484742536;
659.571341305564,316.1217347749301;
687.5289907617179,174.84851869101942;
638.4029714030086,124.12294699716946;
191.45241997488915,239.2931818196559;
429.52456723076045,129.02025683519818;
627.5556205740984,184.23147027560353;
587.1145090747899,62.288890898789965;
504.6214977972072,174.28291301861586;
378.52709296724294,27.231396676507526;
297.5023710934057,62.889529308303764;
342.02392145611446,381.2261380206193;
842.8421717672055,347.2676928845787;
768.5129033666848,188.51737790500354;
981.1317148378009,314.65087782999433;
737.6890595794812,489.4758410323885;
530.7770638620467,392.7392136900781;
768.7022261444872,141.7906252065817;
959.3370168049087,487.7020883237047;
61.27574040533389,15.70280215773844;
548.7004823326441,218.77186150444726;
695.6152460827288,354.80963573860845;
635.8588534050676,204.82165500289616;
369.53050377711213,149.220285492527;
722.2608552585898,203.05059379614698;
535.3304953992107,140.20280401148426;
438.48000446080846,52.440770449908236;
108.44115404600984,292.90830267161203;
89.8377269828513,100.9200067620029;
33.530325305197834,174.67760821430133;
250.57486564663887,379.26701583007025;
165.02052074652005,119.43032521059537;
525.7049063995098,42.97491431625771;
322.70849524853963,375.4702072293782;
126.41722017195588,94.30871414378882;
248.22283172114066,289.91320535675146;
190.95815964827833,505.0221679726733;
47.49005593029309,99.36276077391896;
380.07798327414775,404.7970081393809;
475.3281706225831,188.85257079661466;
702.7946063293256,338.0681693545501;
668.3987840378735,360.3578088968745;
771.266576244312,468.2176688535357;
980.3016967708019,205.44419974459592;
956.6966535032461,329.056679350307;
730.7297486814311,358.9287351793287;
876.4322301636331,277.8789560987776;
667.8458767665143,116.03348003926372;
153.46001254881247,362.44336738014226;
732.9726076336942,255.82583660370477;
126.37358051372549,221.53008344292502;
808.2450618236954,233.6165648541885;
600.1221354165107,259.804573804666;
357.3435183489948,146.45201156969878;
837.2222324136022,135.61803766228735;
822.5369424061316,358.3676496346671;
416.7299086539278,235.81791169539716;
934.2282975592699,189.09120306471365;
550.4830705821423,164.39281495536972;
679.6903717114467,91.17082549742565;
182.71555441298736,315.3469861040081;
785.944422075035,35.416477073663344;
450.2663950691859,448.8186550555693;
182.34896198612992,503.05692209754454;
596.0747898507701,467.79452969881913;
97.58989712212039,272.979629908532;
391.8381586699935,279.3661708584524;
669.4871340938031,168.00699254262656;
1007.1599171331459,248.08640586133617;
459.69518664468154,369.0080207840931;
301.54963433305323,95.4703086364077;
557.83985310659,123.84673553468733;
235.12004301455514,432.79998487943635;
326.4678867044863,430.0746989534823;
908.0304050772037,399.7141207458959;
493.9406796391861,410.3726106852536;
210.47589395709176,272.20998739361863;
803.0889073408165,394.84540818512613;
785.1573311662972,97.13101293076703;
509.70474114251107,338.2683100033651;
90.59051473049983,455.12275693031285;
97.80739924718195,17.04932729431773;
340.5271355855918,187.47164497383744;
646.0600894395438,84.84169538561103;
924.2757673880191,150.5246847473269;
147.93410706020236,172.96779607403346;
18.824598019480987,455.02492408114637;
73.15285385736536,406.43165717095223;
472.7087479692881,84.96368345216969;
333.52523514169263,505.07271609006324;
807.2492901183344,267.19182908621764;
846.6760066280015,305.07194883508186;
247.02380863701734,459.8148838957927;
228.89266922760808,367.83964395411255;
986.1022688667485,57.44045564793586;
107.91099306210515,489.3395533994472;
811.0428660446873,502.00036315589676;
35.148280267200505,374.3662823673556;
344.5613590691634,141.63129964684146;
877.436345010542,71.4170870752362;
152.7744664438504,205.54885670701157;
844.0209970494229,239.69536301278288;
622.5668306150399,371.82646002315545;
916.464494796445,333.3875825755896;
891.4987512424387,339.6213209153665;
872.3544244491791,144.86839703825382;
905.3334339069924,341.86797691978404;
131.8706243538985,289.3853424306153;
797.2529263556753,257.36323806347525;
323.85480489574115,221.17074956938546;
394.64296422889487,312.67804873211236;
925.1176349150385,58.229771710780966;
685.1052068914178,58.67072838923592;
864.9549516961159,436.5309331465743;
939.7962015679193,370.7748896494515;
818.7841046395959,445.37848063399446;
249.6470731297188,52.128609544417664;
249.6927194339954,268.35370773397517;
735.0032634425511,56.955101550759494;
885.1358719358443,96.90776016379186;
32.805147575394315,440.85423568980576;
216.3551800927217,177.8328034461043;
654.2741447412299,350.5465137603644;
113.4585903931139,247.09983638682692;
670.6897691831336,130.29258748877675;
177.43594124568227,77.36071380392671;
99.34294696636236,392.3396710507618;
591.4749697455418,172.42654502304066;
325.96665900209155,35.07504575842279;
494.1118085104885,414.01219086134387;
781.7632820181551,167.33568448146335;
521.0490685118084,172.24472496587111;
867.3019508886952,468.9363171006676;
462.3450810212497,416.01256159419546;
519.8634167822757,70.86807844108654;
51.94662387077541,299.4175799568121;
380.58451660101446,187.26597614990476;
517.8818301179798,176.66974478292835;
128.23482262764907,349.63568579649007;
57.83976733006523,234.30179130639095;
771.8828770480017,108.91253567869596;
287.1404180342121,23.17790126285434;
566.6161207910714,38.63548233293201;
620.3591563216454,412.1976209921268;
276.9303224444236,347.10808594361595;
227.3436880840116,77.55053595270644;
793.336815145433,168.58051565954116;
596.9996808860589,83.0443963302852;
613.3676463605922,112.003721772559;
826.2236595620524,249.2261739627739;
473.39027786907417,249.28870740606573;
274.58546071165665,73.38498791344117;
149.10518570054532,41.73452033185636;
559.4691282102175,271.4788139028373;
63.03137885002296,299.7995112865868;
279.6268552957649,477.35808925025947;
632.3911991998636,280.99262891593435;
551.035301547886,244.38402439055918;
702.3897186563698,184.50061593036327;
200.61207222546062,82.45114678929626;
107.21920462764189,135.82616072685636;
598.1370431255973,469.8485157677528;
966.0163845768705,11.146541206096751;
934.8475593406566,333.272974668601;
383.95349613475605,496.31244889848443;
207.32053093250323,403.18110940372713;
326.32628982841203,39.57951243332574;
825.6659061755712,354.382412473091;
211.20599849718346,437.6107376418649;
265.01081330322165,470.1832766264506;
804.877990384272,363.72546052012643;
880.8911097914449,400.11949831254367;
534.0786833711697,39.81291699033983;
380.16606396397356,335.36023737625095;
355.04148379697995,278.39962752905114;
46.927199801223495,76.54228888232217;
241.05832598765775,180.6309649725582;
78.13482612861033,304.25355844731007;
692.845606437495,449.89330731866187;
277.1011905565309,178.70618639445036;
247.63217722178254,448.2151232935183;
660.9286608506574,398.1888913900535;
921.5778346049628,118.14953106919162;
58.348670396028304,29.649297218380656;
852.0655195930674,215.95580429450567;
252.086690832678,268.39641664816327;
489.3849138785824,287.20032550434587;
835.3035655651651,433.62977034873234;
584.4970297568749,254.10277299998674;
259.78971537851237,31.65392277222039;
780.01955572235,362.3687570481331;
624.3261827661711,252.78115754373513;
330.15407329685877,55.37330780333737;
379.1426985910614,130.83928728719155;
211.7864939045251,466.81396225043153;
743.8239105024016,352.9248046478734;
523.0911036990611,124.25300593066146;
388.15881796677985,205.99178210031326;
232.57360050351915,237.35207612179153;
439.87529806023105,133.72477678465282;
557.9342108031983,410.33522367666137;
829.6862713300724,458.6826202827235;
889.0256391508547,92.78015360507446;
454.67463826689266,217.14552559608728;
597.2578155347629,382.1178783631034;
596.3958331227026,133.8445062914847;
673.7545014563042,99.68118528141939;
272.16907444867866,373.22819329454467;
263.4928337228658,219.3646721779602;
367.7921746540903,55.57138106699116;
842.1169850492579,156.17913989447823;
97.4158936364523,293.873958371787;
191.29225135528705,172.04350589277072;
751.0148503785706,313.3046000094957;
898.361803420535,434.7988306728348;
403.80512866359464,399.212482035026;
913.1422020586257,483.643598782223;
573.6092949042985,110.77256129712242;
166.9316898036185,306.59376493429846;
712.5367824437633,340.3409533738693;
214.2190460374107,172.13638062357387;
285.31981954564634,398.2414991092133;
98.06848998285844,164.77561620770385;
623.7255064624686,204.15966770138908;
362.14344486615147,306.5638075995629;
346.180135688992,48.092016825581666;
672.4994435753664,335.3358134442234;
574.339358519961,245.4498923100356;
291.84283871320514,138.4104624354418;
587.0057690738284,231.42799531355544;
806.7700267089576,331.9114481035334;
795.699457724951,392.9742966012252;
501.450458130777,202.29333175894942;
238.365269789092,227.64721658789554;
1005.197250070668,100.60061984464014;
75.03983371856292,422.56952647524673;
768.5342166084399,264.8282299518253;
531.3642043959655,299.2252606242821;
828.3512737311402,35.60034113121034;
61.10817961525549,443.6299599691747;
765.1603116416521,113.4088805300944;
227.85193348672615,394.811998132659;
45.11569247179136,96.76531407105043;
633.7844651769883,491.6205465690421;
491.49798203158156,476.5103485485937;
588.3417392926366,48.68969753858737;
613.5963102015434,178.40880895174294;
478.38762661343833,496.70189254177984;
308.7908477841563,156.98093315450694;
687.9717786622881,286.973546274463;
209.75970505870944,78.34492760302346;
203.33311191024583,472.0316108467952;
764.7842683628674,90.50189036803917;
897.0953418936807,76.08865342143139;
276.20034186505427,451.13430644768715;
599.0096383968126,182.49858514904227;
226.99619092827172,74.96115045633144;
581.1238977837753,418.1274242269831;
873.8178282922963,477.32570376421523;
398.6402677295274,105.86333224848798;
468.5858955132489,424.5727573371694;
34.40939434509881,424.2581896965639;
28.664104170957764,220.12247033915648;
74.85525364174293,440.27408340048413;
150.20642030792519,107.32797773926855;
112.71707222708437,61.44889388186219;
702.1815651358411,416.50892635421303;
906.416418538455,184.27330888183312;
456.8970251332862,403.86403247747694;
949.1006518961856,71.38236510186539;
276.7374365509785,131.37378321748645;
159.20354558387993,89.58048256367023;
910.8681584720802,137.48145725908083;
696.1675408863098,326.47141624749844;
460.0349907041693,284.8922806113743;
569.9601751718874,326.46268096586874;
518.4827765426454,448.35099422804535;
308.6601156473979,419.7631834152247;
340.90750212376787,171.97831945925668;
769.0040659463824,31.746291564057163;
193.90107826942426,490.09551418067514;
399.25714069171335,436.94972127184843;
194.67383335354958,21.288490317683753;
590.7873274624355,456.69807176068394;
929.2593748933016,355.19820886339903;
223.10008719895967,489.57569172217484;
223.46689031766698,297.85452677021016;
312.37215792024296,399.4549093634761;
646.260142089531,255.64290938468315;
244.34306872647227,44.296709542030676;
799.6515152321638,432.49817828974756;
481.4685090289876,402.32779050309523;
426.8716730635108,405.8147994140256;
508.5530140673432,440.7660907113805;
592.762927866265,497.7981992631312;
811.641600696027,460.7759489603623;
301.9840092369912,412.74675663864633;
482.0564122554346,283.0620080360989;
945.7613946676805,337.55542454923085;
853.9233099586739,478.96631241809234;
639.1918969852533,115.18099569498884;
419.6619918021727,431.5532067437941;
52.906420775134066,140.24100081152545;
524.8712457639917,167.74955855130108;
875.0243977160341,19.531344606209025;
30.59405346017218,149.9511071054359;
268.5526711383882,264.1714532442711;
822.4068700139679,498.4276120411441;
513.1003518520682,41.97746840113291;
799.7177165834154,202.56047068007632;
888.3437635916595,345.9112863992022;
212.04436336723498,263.15978926303615;
232.03253379969146,446.9019794173529;
458.52897287593873,146.38192838095998;
545.6015879747935,23.214419591058736;
855.8545374271025,366.34560050183995;
534.801526476326,183.2921851135274;
466.75773566212496,15.951937891424397;
822.3401882419078,164.7650121648788;
877.2506252170178,451.9845086515383;
637.2988690458235,277.5600698859742;
13.929525866428584,24.96031336219378;
172.73556519139078,135.34482903173372;
466.3797586918805,142.6433246331487;
619.2650156233868,187.52790944982627;
886.4533211380283,81.29013678573143;
155.78349265304104,82.556613759036;
837.0767410858421,92.02061949998874;
409.53450513729615,98.15696590010302;
498.8939245610741,312.01964089991793;
51.38675598387553,355.6392035888525;
876.2053614556298,292.737211017893;
375.9528775151614,399.9215712985328;
360.8389146089593,187.3791297654435;
464.4273971747782,164.28090268586308;
382.1759342374027,325.96511953889376;
321.2422263719098,211.79531317208037;
608.1918051920984,124.65837536257368;
393.56586264566783,339.00262254899025;
174.11058374709097,144.5637479141661;
689.8657188381424,391.56198303431734;
359.9841255542634,407.5686930967333;
47.26466459176536,172.45076224085304;
34.56922368946756,183.13191829351283;
879.7039643202796,229.92973352032124;
947.3148594358461,89.64012076727761;
414.3474179447344,373.6343046471879;
355.21798481266774,101.09718175870462;
13.623888909301986,333.2049659651904;
518.0643618475674,191.95078556678112;
288.56370251998806,63.87179860455477;
859.4576970256849,443.0278668633318;
981.9948626051566,428.42653792474295;
708.5358478212896,215.41718479579035;
941.4222553340569,204.02766273832944;
530.6322312718663,400.76994686129507;
436.26139502228943,258.1138090160987;
710.7737306581771,480.36661222979825;
260.98204296704466,77.92607897713177;
169.25885461829014,446.0190734461415;
256.2234644629214,141.73470275154008;
231.23593716102164,447.4959979719499;
448.4279538068477,443.05333176173974;
202.7005733696725,404.8818947110841;
738.2694724877458,126.848036216454;
833.2523164750689,38.755607815930446;
735.2150467257957,174.04268765206405;
296.33483931111516,457.57380456636196;
1004.7997875091322,457.50276651833116;
740.1109635090216,420.4942679597909;
599.3138012703204,62.29753439047202;
706.6795825816691,290.3835985828187;
730.5436344534601,321.8095117046926;
640.4335039113056,368.95217442641047;
449.2487386049072,410.83667901017105;
316.2077711954825,95.9744548689273;
934.522127528997,184.1064038142981;
242.0390791720055,142.21926882523348;
110.14653507994086,143.67660496341793;
592.921573249947,205.08726094613093;
100.90501231385883,401.0392643204817;
708.7402575037502,493.33378184713274;
304.21773801255813,261.61479974346446;
25.544115056699393,483.18938363914646;
823.1901420653381,50.3669258960333;
854.4760699205788,196.67930157686956;
672.3390788930212,386.0896693998278;
645.5147049964868,66.92219307112373;
293.9279558064429,178.63571654736276;
258.80183342047826,205.22106649392484;
572.8967936816699,147.63270163283465;
141.309745379668,395.19176960588527;
686.5721424881712,127.06030456252626;
858.0206803437461,463.1232847582448;
953.4522237377101,232.141735243174;
723.9787825784773,224.80498510420915;
821.8776782429417,329.99684917474735;
226.76341501460382,400.7083896763674;
428.50450856186103,315.64044266551423;
543.8551113301083,104.25947437027837;
185.64301148817162,381.89217591618456;
798.1046900323495,271.79104900964364;
559.4465189467221,391.46355817764686;
343.0213893399933,134.53700449383027;
951.0791643203805,186.60759649329106;
478.5370024123126,227.54119027271014;
949.891110143135,108.1304724763235;
82.08861780559339,422.8484190555317;
505.62529561342063,427.267205812427;
997.7108317212998,428.0375380906476;
528.9115839329176,207.30065906309414;
865.8100432145259,271.9651927773169;
438.0770136256796,382.8573025545592;
735.6319366078235,408.3362474569819;
457.05767682766293,506.9687320375884;
757.7750912252318,483.67230114584567;
972.4073437132936,353.5837347169759;
497.3926883546446,311.5910423691725;
877.1615276003673,31.94458178661757;
870.3291752059456,75.98995613510361;
943.8134415216867,117.67097660130199;
133.68795963707578,376.5297844682706;
300.07724310888204,144.5970651410423;
244.58233378105996,250.50615568551137;
563.2144047136153,345.9296422004559;
900.6195242585436,25.068265110564084;
319.6994476399465,174.3374342989109;
571.7580553845254,171.18259624054716;
345.19167146034545,148.7555497941268;
691.8483082185425,129.39340738338478;
526.9046107829687,186.3110416712285;
890.4390697012046,234.84730584134394;
504.2500284713077,396.82544591474584;
553.1803510748632,183.84573102097238;
887.2847458639953,45.43854606689057;
549.7915842657521,163.53132479563635;
70.50472589887501,67.97188437939599;
484.36739637546845,61.023771883550175;
903.15255359503,313.7740092578495;
202.99671336802982,402.7339809387319;
360.7214366447916,197.17231625362507;
447.43705894739816,277.5735822934388;
507.12530696577596,439.6812170809772;
1000.7097011535587,227.66686051864565;
748.012818595352,66.16530369762518;
147.0557948890564,301.27708648245874;
683.7015462057365,52.78960861194875;
289.19104663567396,169.19078551253708;
279.18300593030307,293.1288269466943;
425.1604870861751,364.4870411730654;
840.7629930637767,412.9712122846908;
55.52028976556688,283.0635373153635;
1007.7874321777565,66.48443362319628;
85.11446749892026,323.9888854542581;
758.3991239678501,326.7926514199888;
267.86569530231066,130.41304924244486;
608.8404546779111,280.812454063549;
596.0279734057227,35.07661019659052;
555.4984002651877,183.70060365370392;
167.64296605892957,472.7826255028965;
28.907787257496423,174.40358409890194;
127.98345964226375,184.15082343936172;
539.8241063221027,279.15197984343877;
423.35833669438995,435.99992632530416;
517.377817841567,365.21717155982384;
160.88326669265194,267.8895077961711;
932.1335976033096,154.5538931948583;
713.9477176033558,197.22015176279595;
23.580277104925376,488.48467708433503;
478.544959230524,120.65906234721496;
785.9524968766385,250.06036284529176;
304.17630284156246,99.17725689116862;
784.4013630595066,169.95272846819364;
194.62087802322347,146.51508235677767;
206.5010540908555,249.21568860154883;
362.6467852715839,344.98811335590057;
741.7161152309562,440.6215243963842;
31.084171572818722,243.30451103683697;
745.7416598639747,139.555609520646;
657.8572281857673,458.0206677273603;
846.3699663982942,453.1185318240009;
962.6335038809399,492.8956971980879;
445.2862813531899,164.94695305921087;
269.67525053901585,65.14783931280775;
624.6987223306714,146.60197191291968;
633.5105396182082,449.3510611326784;
259.01725073725004,85.53416485514919;
954.5734838539806,362.4826575703008;
631.3262285040807,161.06846871269792;
828.3335345775283,198.07523291348843;
890.1387491741626,443.7712865913917;
794.5179934420637,181.1010389664225;
904.9687978315743,60.98054133484475;
96.87033435215518,486.8384366241531;
