[Boundary Facets];

[All Points];
660.8966810691155,284.57004258242887;
189.43888798758567,424.2380211592385;
551.0928904160669,12.410596830109746;
584.0121991277792,443.8320515479689;
289.0162969354062,158.10320559414154;
871.8439668812726,100.98947151847803;
957.4789495895117,419.38476024920124;
155.36116482728912,68.6387088149724;
362.11404484257247,48.127413316861535;
272.1489938989676,186.46142654500042;
23.264773254144103,85.20807546217972;
176.29677873535164,428.60356914726617;
269.7802641361365,190.84499086541973;
840.1573597242218,117.0229205296913;
124.85025407380923,176.12999069066342;
429.9647180266585,342.1018046606688;
259.3054394796284,134.10342041413574;
308.289863988402,474.7709765442294;
609.8488501364285,127.05526249580639;
932.3783452571981,326.0729021059247;
24.234542000339022,462.50725550207767;
888.6292219893061,456.0248512786021;
981.2449701279646,491.62756781966107;
796.0914889261829,81.26289386137024;
262.0374887594341,329.5765073925788;
455.43143736530556,76.18719185456796;
818.4498759594651,95.07634516575973;
561.7450248784126,442.915646704145;
566.6426434840434,413.6981051884057;
74.41843202887799,472.60681956180224;
684.6706157913493,118.83086957065419;
855.9177289982027,330.7679389859052;
235.01130555027572,412.76484186945925;
1001.4311762953334,378.9468659862912;
334.59060780965365,318.98929246719354;
123.60018693027907,194.91359019589132;
393.80999664233093,76.2540922984906;
680.8981458489916,484.0208447270888;
302.78914206131833,506.59012523554543;
902.4013378681335,230.82671884547705;
415.52656838089507,231.58063845015664;
365.9075379639232,467.86184013613786;
507.783809295943,22.32448233634492;
28.506760581747052,368.0600053093469;
355.8937903622301,422.96597743796684;
406.285049883625,447.0642640109014;
730.1190701419204,334.35181062961027;
464.33123828109865,241.51768547445107;
59.81711035904324,260.1402816419209;
645.2649978048482,134.3407256966791;
590.6440425139012,385.9140482762688;
712.5090191180512,417.69451857509307;
658.3382608015365,340.50024042583726;
385.0673069960881,359.485189957128;
186.1472454227735,462.70195554087593;
27.340700969128097,201.60877341568843;
438.8645762272384,234.1512696130283;
591.4423286355856,406.1612366948688;
447.01996999525596,241.53452351230652;
334.5586928221025,452.03714588960776;
171.8165966788536,236.71970589816542;
46.533182079699465,36.67569417216991;
725.2512386807331,298.5649552427356;
311.55055613368063,370.0320042874715;
359.3304138560844,230.78425398971658;
520.6135681952039,393.6212262593702;
583.1399339634145,304.8682952260632;
840.3853641288828,252.56315209857644;
258.24263157593987,191.88076325691682;
792.1280581864238,255.57737904073906;
727.8843671336541,191.15524943917222;
233.5309314292423,27.540274809011603;
146.23728615664533,296.54772554607996;
226.7306761393607,69.54774253568456;
910.6367820401177,387.31569427641665;
143.4522144439716,268.7230082636597;
844.9002832535585,51.499365235460274;
604.2558407506764,333.14994976472497;
860.8048969076057,245.1864651443835;
634.4911881617699,91.48472238335125;
306.26654241243,467.3299521606487;
306.0766858673155,350.75093784609345;
301.7099942564192,154.96891978580356;
201.28541270559063,58.18146466968598;
191.2953596407728,53.877248793632305;
992.9517268835924,405.1160742153704;
28.699370837511275,179.70486010167875;
678.5587765673636,356.99098525046804;
96.63089952190973,21.360702800897016;
943.4231407719489,443.92266321777396;
236.86387072356408,371.0984959007984;
590.8662505610534,136.78767904027467;
53.73459060644724,168.0969091242312;
272.2149472764874,160.6911689879094;
244.96279911741868,476.6419993190721;
610.3666299136058,84.7991277965639;
578.2340292827352,288.2879934931093;
167.0949886753834,408.50256117296846;
228.18863076200813,362.90248043593465;
212.3615783215693,102.48561737385097;
676.2156690948372,358.98643467960136;
561.6089016231617,459.73470804584707;
377.6578126553619,421.0908529342123;
743.8203768321123,158.89919763587062;
740.8990104898054,372.25398803909104;
772.6986443249752,81.12267782692922;
706.7354101326728,369.49679452608035;
44.686221696578315,240.69425240945574;
540.2497203946539,254.0989944098919;
545.7691441518466,184.0049219419053;
391.55207304227514,347.390007260167;
21.912520125551552,393.36098241356996;
805.612812720421,420.8794539713509;
167.20303109247467,509.5859264911466;
912.2420555509648,283.86753074841454;
461.54749797090955,319.8529064453846;
502.5396939513884,420.58903452062214;
535.604959977755,478.51629316787546;
102.46331501541549,224.1809628225184;
263.55500175484025,102.65531102801089;
914.6532577427632,148.53048000589925;
676.2868926193989,470.2209300216692;
685.9819766218819,496.24803296099185;
635.5407185347741,25.850702517849314;
438.1616555692076,88.00409931279134;
95.64035891777344,197.2441596496714;
596.7835597918861,235.5503343103157;
934.7164289284516,262.24142479877366;
652.9271872600652,406.3305014822588;
189.72197042343552,468.9025797856884;
46.405134540399175,368.5632433334977;
260.60581100069317,205.97511161005048;
22.029209649856764,245.65152593329248;
743.8380876709928,489.46860109519605;
891.5929533842477,497.9501898093645;
397.91032914180767,193.29594771929757;
303.18915349038156,508.01325036780423;
912.3656502615254,449.02096757540306;
591.3041423562628,427.44339746024457;
295.1693717787894,135.81281046478114;
204.4185209240916,48.3704386950009;
229.45010010946163,89.19530168492966;
797.7177729427757,287.0693342712372;
444.44081362796607,380.62225821421805;
698.7972754598688,41.54285700431259;
648.3948627595813,436.3381294175847;
803.80768852883,101.33419737180498;
365.55599153808436,409.97762392108746;
341.2704269516442,299.7972044077882;
209.461146993962,335.8823807538669;
418.7783084810461,75.69982382327949;
782.5367711825844,102.58870155108073;
1000.4182808766041,75.86346830974111;
505.26264787183396,494.4962307526673;
268.6364829838185,446.3161478349009;
163.93197769802015,231.9677152113711;
915.2777188588491,100.06498520846962;
885.7103711140281,39.20541329241405;
291.95381511520077,268.69925096436396;
309.2842796187961,409.26372522652014;
497.0539565283034,58.23882919493888;
793.0683198294746,384.1466304688628;
741.1485197295982,283.0361568297378;
58.01668253916236,46.70223343362067;
179.0356957828788,482.56430266436945;
473.89505978932453,40.66493215437599;
229.69772495326256,173.578672041927;
991.4765047614833,163.19451036519942;
617.8780145835461,224.40432259206028;
984.1650443652597,224.34657608069534;
750.6517913154867,254.83223766176582;
850.5725537155224,276.9372677257017;
577.8107863202637,411.20660895248426;
882.0144444519761,142.2037039091688;
35.62508239872074,260.16132761719;
945.2959464895421,388.21143143889003;
186.13704685168375,104.40750911809015;
845.374927496209,75.58048130790995;
188.0558178705577,107.09840018172666;
31.124684443138975,130.1019691773639;
296.01846579165726,91.46250569751179;
620.7040161216784,350.79219244362884;
154.74149081742559,28.410789120495043;
254.78598630207736,99.64956903502846;
395.92666230372083,306.39351956204837;
169.6235093375621,342.6917707402393;
816.0831212925093,22.985813958023506;
854.513726046125,266.1491260557661;
189.85790531680556,114.88588822008471;
419.757627841012,295.5428928584423;
495.8269720660745,201.91951828005273;
644.7457780529921,201.83029791252244;
940.4460710852358,232.8186939309288;
975.4158876331617,139.23944257204766;
839.6185697195605,198.4054422402701;
321.7957650405773,245.9306856885654;
567.8021033751636,385.83097429909867;
679.1626750724971,51.96213759231332;
234.79652923739224,192.0631187033544;
770.6852290699222,405.931585985756;
414.4143308744915,341.84317585124836;
878.0087762587502,65.83911971650524;
412.469093780085,185.26994014328073;
608.0250176842616,327.2079984807379;
437.6314995002812,155.59371015358224;
59.85918424052693,256.64666224708424;
149.61168454804772,193.96564226018114;
813.0142167829565,258.3334960405614;
366.3384707903703,269.3694772011818;
737.6239187168043,151.04871855661816;
35.46772598259561,251.28565933821267;
331.3598869856419,415.650801728057;
976.6357216126356,144.03492295126634;
629.9463451146863,113.00970918461428;
45.75141052841823,472.1045221696759;
561.1382816012667,49.1846240643986;
843.547330247373,61.44233163150125;
959.380280310112,451.6824141475986;
933.0874428275735,375.43313087384837;
759.4370022510462,135.78983310604661;
22.223214638830694,449.4992780312482;
774.7760707424208,286.9996038339675;
882.057733434398,196.640037096707;
248.60450238206377,271.11311711380637;
841.991472022014,493.7503661969736;
905.7848150658754,250.27507773133067;
999.0668472908175,183.85449889944553;
345.72625198534536,107.1902182598744;
474.3045294210738,342.4319524503362;
239.6128393029241,247.41957294656524;
66.71698457294039,31.03736634425113;
615.5384688863716,306.62713475208415;
691.7133143039923,456.2218250453016;
57.70434472945695,509.4441593448583;
963.8002095910826,92.19813682375116;
706.8695298306678,379.59240092715845;
594.7107972381307,336.9783912225479;
106.94050743689742,123.7354672796293;
930.1574623984543,351.3352334720983;
557.3165841352023,275.94066573322664;
558.6205712041876,504.00930670648546;
58.93701241616644,318.2295445985625;
593.871139236035,334.02958402169963;
264.58335305534376,323.0981583512151;
780.7381864797877,69.51744906151308;
541.4718213031734,49.65149874376384;
333.1075963090018,99.07328399922365;
187.32435862243034,77.40590577353817;
688.8039709198831,456.2867776896851;
819.5254060615241,102.68435218780297;
249.42929188146277,308.81040326162423;
732.238807572861,319.6306762073996;
12.82316125586657,236.88259992579756;
595.8680870001068,256.9306034081111;
567.3923518701891,57.13756631755706;
276.05243687161675,475.1517987177617;
717.8695984719508,408.281301058528;
379.85395427511645,446.6675145661871;
198.6658841731337,32.94803762595687;
78.03510453369677,341.38379786930204;
419.03439942923546,137.55028624320164;
422.9606047998151,19.83452367836335;
78.43179201770644,61.619036435253896;
554.349019725389,102.45488990015366;
397.0215202023591,231.76366532606323;
981.2421823335721,311.17188398000343;
40.2426562552347,280.7377979091041;
682.7581501536881,362.01104975799353;
413.9919278398917,192.41253234558985;
905.5926476211998,72.48474807390315;
646.8172605464796,476.9565246061255;
534.5002272316152,254.2248333929879;
173.82796576248492,213.40146070635058;
309.8299342038645,283.4350041760657;
411.89347149186494,115.00521654871581;
328.33889806164274,366.07551693405236;
567.0997494606894,51.13836313027808;
66.18699352711232,343.8100847696561;
925.9028708367719,66.11883077876772;
147.7050891505267,65.67541716410368;
244.5085487497639,351.8403871198168;
826.8554864507064,237.5643068934628;
333.5083461814873,387.5166425477923;
608.2064992260259,272.75292342881744;
725.5194356921727,267.3282212306626;
25.893260272443534,495.0261067788646;
927.8293763503618,83.51557424970001;
283.31496731835915,179.10012014972327;
18.880037887244896,172.4109283279583;
603.4253785274807,73.75883481804857;
395.9570162827689,389.2211425542285;
108.73241807429467,401.1201108028369;
990.6926206083045,17.424189582471207;
916.9367476507865,293.40415339581847;
882.8651971932278,50.183324553886735;
264.16714071818626,420.3195869719225;
625.5403693229557,401.2991930252712;
714.6165384406039,46.05925592997161;
108.44419071707289,187.04871572044905;
715.0116901607148,446.3596449312872;
967.97164938336,98.65547398842305;
795.5825820266863,464.61461292627575;
943.8836087116052,210.32597926322526;
131.28524988886002,150.3143856951447;
647.9373622991632,26.483774574056365;
864.6945901140155,85.47727480681854;
693.1634883173002,159.78060957792917;
226.39237316184202,97.55313736194148;
385.97428184499404,343.47816116428027;
826.5304573589494,338.31868080053596;
529.4298667648367,368.17489523038427;
118.44413194496683,374.9236845353425;
529.1630151457072,385.756891416334;
601.13410820888,238.88694506948502;
96.84900841688659,65.69657063025917;
1000.6752425463508,344.0290466009666;
125.75785233808932,424.5790718164855;
40.9251243273353,401.1055911818398;
148.21747868932675,84.25094772973011;
705.0710012303829,175.70727550977054;
611.6971559765943,322.18450070920045;
467.81465676020963,493.22738427343853;
295.12707731435415,457.43352957577645;
44.01434578652884,217.07899996571643;
475.0107090214516,139.19097287117282;
846.3765778429841,400.8830339916867;
261.33018509306635,434.8037309417513;
793.9244026704868,52.5732159968073;
260.69077685481756,315.1219840942704;
416.0960224738437,82.35539425972692;
248.61535554997005,44.62176481145479;
618.879765674932,73.38626309125871;
750.0894020997972,320.1038251886829;
518.7724805576313,218.64577465761013;
461.17764425451924,280.03741510848783;
930.1690547496117,227.4463422103675;
176.66645832450132,185.6451589083945;
201.1471373916348,273.1716239010272;
981.7075093306921,151.00636900982207;
437.9150434298759,469.77216807163757;
1004.2173095296258,358.24586935473644;
536.625776566179,164.17158127520398;
900.9209707132887,35.60088739146782;
466.3288581170566,317.4169087052279;
221.06841320273384,73.17110759001582;
735.0970232811184,228.18547194908962;
344.0190995899709,125.58256145040879;
63.904765273853904,209.24130479668528;
57.147431098087836,187.99270082771957;
743.710156300299,42.23023548010173;
440.4434614925477,48.94403373806521;
597.7845023615653,212.501400959325;
398.2220971075908,212.29384930819077;
732.9937226320826,166.4806573395206;
570.5518265276588,199.2891456761815;
327.1024275258969,482.86801105969874;
434.2963001467568,353.4394253532051;
812.540488076823,409.52210142624506;
43.49798185418529,34.602882456940705;
886.0760614019033,450.0933870947176;
410.6959098183941,423.6081228257413;
388.7238308622186,211.02145744265064;
459.3865247128774,360.7651398166722;
522.6598299524308,287.2582912105595;
420.70960617125064,122.43462408298943;
971.0547932160486,165.67782257951828;
880.6799401204349,45.81881456690117;
482.22260910303436,285.25769537219145;
400.93067019135066,311.3393448309155;
713.1312234018158,250.19038508678798;
842.0561039917659,470.87536252226556;
983.8657200442454,480.14267082150474;
606.5684852746336,109.61784926707811;
653.6110847079979,494.51428306668276;
56.77199443994318,291.72653237400067;
976.0570630183857,468.8980771386487;
850.4596749509235,406.3580701201417;
544.6839666012378,315.8671504377179;
223.4648180244989,295.46605598007676;
495.48727040188356,413.20388198238226;
625.4918353430608,490.5072887915607;
956.379573935511,168.0978445760796;
450.88951324297176,12.178257617325151;
393.04131119031524,193.0554033068773;
271.9043925724005,70.72682529249818;
931.4788365207963,505.118441005012;
670.4827293168934,76.24208596653675;
571.5181045896001,390.09765233111375;
462.36032300012096,100.05194123655474;
509.49386628011416,365.4497815973431;
986.7478759199416,370.99213234823077;
301.29392671431253,321.4854441070058;
152.36049081598034,506.76689740215465;
848.177009210367,60.29135308392624;
952.9822210151356,211.5104266846436;
863.9472039652387,325.344226568403;
324.08503283732426,484.5030229277299;
119.79929259966492,38.15359465004124;
753.8422553662678,321.77142981705896;
40.76570823529157,244.84244232068852;
251.44796620924623,111.51142173987415;
967.6865649545447,491.7269195681178;
856.5056964166613,286.3581928398962;
561.7591223877506,238.1723658410803;
193.03520429936904,308.1000992777329;
168.97785765908213,49.338596447042576;
702.249563387764,424.9009280315214;
156.79953694351622,472.47876700798986;
848.5879301357614,112.598628260539;
127.12162711756669,75.77547562766861;
224.10702280081384,287.7432280327137;
599.6215091176406,159.25791999352245;
968.1789152631131,184.8799951151067;
570.8077631782093,456.92001986242485;
971.5553935161571,342.10428529654865;
975.2375260741876,195.4629891067005;
828.5833842817646,72.35535522481595;
396.413317042929,75.06460607767877;
166.6699596454597,56.89228886947194;
154.49515113684564,48.44269654513699;
640.4823731327368,173.8902236137205;
789.9256963401094,135.6940497055879;
137.96427398581335,406.20617606497825;
733.6606796621362,12.674617950171655;
439.7626550949559,236.88487348791625;
866.056737122761,300.86153862193595;
809.3107561965192,15.965962409200609;
290.7251732842088,121.88168755144557;
43.43659115355268,115.81246733773864;
566.8479340950345,245.25610562761045;
788.3126476140116,424.5842835227132;
13.132818172231545,206.06059446700075;
964.5329136960394,230.1897421555068;
782.619351194688,377.2520336384836;
529.5971905690302,72.11658304200785;
757.1226622105376,175.5636686194711;
706.1004771360523,320.0551509372624;
807.020108745396,211.3211728129925;
419.6964427860754,87.23803605885954;
253.18900039812362,408.8067177625855;
802.9494305726781,499.3547557095278;
446.3532112422657,198.4473730512583;
951.7715072866047,231.0790987908555;
172.69014687674522,212.8649544837674;
872.1800706474746,165.24755281356124;
904.4965862122773,212.14452335651268;
874.1971221933663,240.24648622156624;
233.91602115611542,263.0045244034891;
537.9408252369367,90.72530212544154;
991.0968226584479,82.96994433429998;
708.789399528963,348.2905952765592;
501.41679998153506,401.6457150922893;
678.119794751693,95.34569382159151;
306.73495486521506,352.0292353381386;
149.0380379679258,214.9615837588553;
720.1701606845401,381.3935463281083;
458.29316211054623,57.60370572713324;
793.7866061745414,231.2224896588732;
501.2878326396575,444.56100497443623;
604.2779761611274,308.4530427510115;
306.5391690913225,417.9272367422091;
36.58519412607019,162.09831446686738;
682.5437913462744,471.25971270171857;
906.6198698489236,34.113964530889376;
855.9576314925271,479.055548188345;
265.5155923137853,286.0811311582094;
295.20192278508796,253.10219413983808;
729.9973788299386,455.95803337128535;
296.87867419631385,306.58889963507966;
26.232829927305236,263.3616918103428;
661.448895816409,12.111214860918253;
579.7837853122978,241.3351406193702;
517.4818679598977,295.383963276966;
730.0485932258367,153.15930113489205;
963.5858436337476,102.56425804792883;
74.05949678022083,78.85978760298079;
391.7517097193571,505.4844029631738;
725.7713226177124,421.1229676144826;
653.9071175954329,410.801979990432;
531.3414786339029,254.48482454433335;
698.99459118472,248.6249532176371;
595.1456909789774,294.3262963883095;
527.1496647195279,19.069121739695596;
922.5569735288972,205.58882463741418;
714.3122191151415,219.5289777213827;
979.249568189409,20.399821841670875;
346.76764413988735,339.84929007325496;
213.76572813988003,93.64686900208329;
409.6047271152804,30.80052381412295;
371.4266922767647,382.6469246043317;
719.1334227941775,266.6229603879736;
853.3065467648133,508.88710992048703;
1001.6351910280965,104.29280890285274;
522.5971782781799,134.29814494930332;
276.42956732467184,48.17154750658203;
333.3932096291544,366.4582086405452;
937.1825014028524,221.999402831329;
349.9818875811969,375.91311224590527;
720.9126500343594,461.1274239847162;
525.0930286167269,470.4896954297924;
792.047402687489,371.9314644998864;
566.4212718157096,444.7829705647558;
650.293974288721,138.38298702609225;
1000.8581874792491,285.22885026049863;
99.70443263369899,154.21258402290283;
670.1945247312233,421.41648008794675;
315.18142514451216,437.93225537711845;
229.4021376213078,343.7064369848734;
699.1924085861177,332.7883267747961;
36.726857315871435,430.0333032865921;
418.74305924944974,159.73006334186655;
219.6904160249443,475.610909470337;
259.46256022781824,496.873743172761;
917.3764030178512,32.621435152425704;
210.4760176338406,410.07176515145056;
618.9093548530816,411.264601859743;
831.6790284851975,439.7929478241041;
70.00801368716202,68.7414401611528;
94.69126135880146,455.6556645394718;
691.0806752555275,414.3353867168981;
328.7142297798771,425.95287457108367;
999.955666269658,428.9452317948403;
855.2826603326051,267.04771862425673;
982.7741018350273,144.21069482471043;
673.7337916591005,391.9816355909273;
494.2497759256104,131.70694026763806;
934.6145157055657,195.49279590042232;
964.2318760346849,455.22158931469966;
607.937341875137,271.438234952781;
970.4911808241925,247.42657394127193;
342.8579523531103,299.85803233876385;
226.9950601438635,81.01110121185872;
88.87173260508685,316.05921197709137;
989.9650916538924,144.5907322203258;
781.8967997240313,220.04017749252947;
113.43513258716975,451.65051714170306;
583.6874383029269,61.12492585020306;
807.1719279592189,164.30292751119356;
275.196160624298,438.9872768831386;
712.1202707874862,270.4461530775893;
866.1057824746736,286.4006848950411;
447.43815758032855,114.22241961792089;
632.6875609238691,356.7726352425192;
108.12367332731786,255.5011347584851;
380.2356051904049,40.45246414596492;
698.6846818011414,325.9611870308813;
907.1343184279349,51.70911082895168;
210.44612638479785,130.61138597220537;
370.73549815769746,509.50750482401;
71.28906109485976,151.36236929455532;
431.89854832208874,424.71462010146945;
659.0297564155414,395.1734487876287;
191.50496037845386,508.71508339094646;
129.5813994765862,148.84605954211372;
403.5442995952457,315.66647916448517;
539.379856977894,338.80946440801335;
492.9300102100782,70.97165255254322;
571.2286379075771,42.08538572172681;
437.997970432472,131.0840988218156;
582.8541452406487,486.43175252834163;
542.0622083741297,29.556717250788004;
779.0156447027477,217.6040971406983;
767.4779139867596,456.1741441672371;
475.6134762204893,482.384320048799;
707.2720687630958,414.50503303726924;
869.4413501652454,401.00615563683095;
177.20396163958017,326.03533457621694;
63.8036531627506,234.5000890513556;
230.57363418159736,153.90356104893698;
179.82603904845672,90.74559971985806;
332.0818735225546,438.94598323754735;
956.991735384527,476.2680967016219;
824.7464431953214,477.57607202728934;
160.96983523104856,273.72724832110333;
634.6682117730033,384.2930245855455;
687.6346513766798,289.7117743736384;
353.6139400944236,463.9399233247811;
320.3499065186488,365.15226359778006;
442.3044298846401,300.7995945650838;
128.70801941001542,508.1781328317688;
193.13795233290952,47.3654138170208;
870.9969396189628,50.76004391544491;
576.6594481035171,499.3866654314964;
313.974743551242,163.4371944381131;
385.63055253728453,186.66232021418153;
311.75714987666913,366.2922151037092;
924.5446755052926,99.78398831993917;
155.8241552388969,25.615150337121353;
508.92893476816533,464.11247910184784;
816.3428334807056,360.0616065726765;
293.64405838931464,498.3800835588904;
912.3872243923339,191.5083892584853;
437.09831370623897,243.0743086347895;
627.519614462202,429.5483820380317;
630.025665611142,20.1702341747974;
424.59035264817214,276.3441466985296;
636.7503264844711,293.5347124941016;
13.361491470187715,355.4592971143545;
983.4564779263696,102.30777150223152;
318.3105992395454,166.26252364000075;
69.4879866851854,33.749629773002596;
619.3596727588252,48.633814900274565;
237.09919610888963,301.5719030721058;
611.0264081170623,45.10315741520931;
665.3816020428873,478.98922216282557;
311.67032458315856,294.6744696790696;
877.0084892677507,237.36883387071987;
579.2013483928624,266.21724449643153;
755.1480427111891,207.72093878772623;
996.3344906506885,58.440077484165954;
690.3901428759619,221.03678283712145;
784.451217455294,72.71455537203546;
422.26385610717665,240.82706805629562;
329.99225605917934,245.87773615460873;
396.15310152947654,83.71843697230062;
696.9794699603499,38.07240833218655;
1004.8470327639659,72.1919553596672;
745.4414243166364,106.19633791045884;
187.65180073981256,476.05310151467995;
126.81341141341295,276.0101323121944;
979.1136628855007,90.84093991190045;
697.0609709246226,350.40940193848445;
739.5057587609901,454.3077220644236;
180.75016906653272,299.7801645099422;
166.4835077929546,343.2259820145313;
365.4449462342506,233.51352139669206;
111.29522913568223,288.5627103534232;
611.0884960492059,465.3408451490395;
352.071245591392,489.612203786726;
769.9588331058646,375.9045285956639;
273.48663086734393,457.5687758901796;
557.3258486911847,26.99115727255235;
273.8473816102818,308.42147044038944;
217.14038753209064,73.15419078716405;
523.4576333287658,59.322589552178606;
38.202756517013206,423.20557693320484;
185.17285658875846,136.28494689856635;
111.86195649231166,439.3928536328059;
931.3385152343875,52.25896256293621;
939.0614724276539,176.66064677738152;
573.8428623569317,178.35233110203535;
493.88316349737073,480.12801850312985;
268.28257023081756,399.66073316549966;
873.8196373050149,365.68880164540656;
914.1056458644348,351.2504743764049;
987.9304612970599,81.66802332832079;
473.51248424324496,481.72416120689917;
562.9855897558282,483.7424378134684;
688.4983679229681,149.12912411057343;
693.9990386337702,351.75158515740367;
972.0882227101097,235.13768936833804;
762.8893623178791,344.12544413499836;
193.09842861716243,316.85897481175647;
999.7028625449473,188.47271619818272;
596.612566536189,256.54219348891814;
983.8919930382368,272.36619410740985;
223.69065850881154,150.14058915349003;
324.22591223573903,474.89704589347525;
174.69726511698968,339.0362204752954;
45.80249228298782,508.7917052344086;
579.4148824687419,76.07886942671027;
773.2414594626996,280.69726352673524;
238.4658831895402,52.31625813351442;
348.02826773835625,67.71746300782172;
148.80705534127435,379.8530501753901;
84.6994584639007,323.0127786574161;
631.5700530906461,37.23228459652155;
363.7238232134191,410.3193169260569;
163.00884433464813,243.83764318160348;
738.0740489236498,397.89117207942144;
904.0095709019183,201.80499785329746;
40.578007727356194,241.7716462806058;
365.4929635677686,12.588102939492853;
874.0772218813922,338.9811196258196;
291.196274643967,244.9434739018901;
966.3233204400481,411.55833972864104;
628.1425338289715,125.83483586423343;
540.5857546828452,279.9026926035969;
146.8551091477893,190.94936488096974;
328.46240705325135,373.525951098311;
795.9924666326712,113.55725011906253;
999.5825865794121,206.9985782030495;
32.72685725740664,425.2712515868405;
164.7525143365772,25.52156260008053;
98.10501989627295,181.02447473418948;
667.7955753956958,357.97858977639964;
726.666401542346,481.3924696790918;
994.9945016192594,281.3336606253998;
587.7724239989636,187.43019843824743;
55.30024468027427,230.82130082618124;
590.2439142698108,396.8151026058942;
165.58055870121945,358.9195941361554;
767.9771372897179,90.73002657115691;
255.8111278762235,411.12328189550385;
144.665368226618,279.7821986727477;
955.2299394546284,420.4241318209734;
931.3716684806682,403.3213293539461;
730.3197219381607,140.0135868043767;
926.2732079417005,481.1074384032081;
758.6718717686986,280.2912048506969;
477.99494502796836,187.6537028419547;
729.0838977940688,117.2542828637541;
808.8377323378704,224.523110064816;
83.15260845836436,295.99631786358844;
932.4616003227106,53.47657471339783;
463.09773910790386,129.60115467339637;
48.69215882132582,160.94073922092693;
546.2127247995895,479.91821718927446;
687.8468391023129,34.454181169812074;
878.6621048860782,15.796831158107974;
971.7475134427468,414.3445286916207;
976.644593331774,139.56796741077665;
167.02836210738636,258.4385192954949;
960.4916309976205,383.2871577507603;
858.0675914479441,182.99008094681707;
83.75375315699051,371.34043688754633;
397.2363073867987,432.5722976108237;
118.12054843476216,374.22018478001553;
659.9996348184209,366.10951493517115;
212.08265769794,284.8486493760985;
540.14872278513,268.0460460572299;
335.72331307640314,465.210298442665;
271.93354669442647,31.383300307910858;
174.96654250597487,112.17666535126058;
591.6160937160647,356.10999936104946;
213.03268248704399,124.17456242647333;
96.98148204494593,368.7885791745402;
803.5782828667727,328.19802490589166;
1005.9758260774827,177.05048879327722;
969.1799529419695,274.2994701595558;
467.0495012304625,291.18772606790566;
987.9709351469498,109.14951161357737;
524.1856569519905,392.8295049169835;
257.7605222380879,122.26642069980508;
213.92695921625926,339.5044654731775;
863.6848021537646,391.94665478003463;
70.39926384644023,244.28958371848074;
81.71721712889311,21.563422414269276;
818.9591115061334,438.5659458222925;
360.13271086458644,265.49932076208125;
332.43996600316507,399.47278005683773;
385.96013566991803,470.7836487544631;
1000.8398302635028,259.7004700440717;
738.8189793504808,441.4581194526974;
612.3204342346932,36.045896019972034;
259.1448614708638,121.8518955607885;
645.7091396816437,393.4619905820951;
96.00037483903256,111.15972310943044;
882.3828120156403,393.6572583663873;
986.0527662871156,258.04180670504417;
230.1639957706476,389.10173111362263;
386.19704219731085,181.18944738793246;
726.7357150143753,85.17319400290917;
489.1161547896223,151.51758072438537;
602.809633454058,320.6506900754107;
47.46277934138264,229.63967617630774;
230.20590056164912,190.11330764758165;
186.78499826163073,115.96266993155056;
290.5112982644657,229.89220839667828;
254.1964176517034,23.550602808723553;
769.7782366912304,325.64744077914315;
692.9517485932026,483.53836066691554;
498.9299097702937,291.6030636600189;
421.2288635764857,315.6511025006075;
530.6816349961911,201.2414765967624;
924.8807448489235,446.8434383694635;
326.9017917385971,316.86189884746545;
64.34879750780341,122.3120299255464;
476.41701810716705,408.2865066310137;
449.2488914752837,206.985806724578;
954.6480262761771,54.52159184344462;
201.55237102092272,221.77372564024128;
134.24339555448472,485.5444022633873;
586.678119133962,23.751672728406326;
534.8716617411906,129.8204093611337;
186.26091121070843,211.2693534984265;
886.6774930664882,130.60324147143393;
86.63723256732536,22.660528397030134;
516.1009935319903,157.9259887921946;
125.0979739356538,300.19740555462135;
726.9422225096893,80.08156256567771;
600.3456524248832,63.275087396071896;
965.9998839146024,283.9979939952545;
911.5016487942642,493.6235998721826;
832.7478494218808,437.69173676503686;
792.508571202782,163.77854965102273;
817.8636832189231,284.3141156509724;
139.43258408201552,444.2410377839114;
523.6224152711977,132.93016032832963;
739.1386487745804,342.4365557995083;
430.0389975980633,292.58539211415007;
650.6321803565885,194.3241358426563;
337.07305031190145,310.9674700095284;
491.23538608253557,215.6271873494363;
142.95199644987042,189.40909738308335;
777.3276380210326,481.4480384325331;
882.6481623373023,452.7341332149196;
1001.9925325470545,134.56015477060023;
978.0148155244148,66.3574710202202;
631.4815439277883,28.94527400463869;
185.51459823267857,470.6701999456001;
986.630218427905,16.141379409149884;
116.04307922167888,89.7209481281696;
594.8993729312706,200.33300452582492;
960.7756551918518,343.35592165833407;
145.10631626984437,63.73193751595895;
602.6096397801915,330.408025436913;
944.4394582390775,89.20690126920543;
984.9200703274635,63.748935104701964;
95.91974909004729,234.12830445127213;
829.4976678717231,493.87592891595375;
176.69267159223799,342.5907809134345;
160.40153812038716,214.78774784784844;
41.00827237825976,339.9283896386065;
307.9544594722068,242.33001868458774;
531.7751067370507,493.20491731101;
54.34387414972862,356.2929724944645;
412.96365781179156,275.23747363979624;
265.41465256935976,136.2653361453332;
409.3446159643126,33.53812171343212;
94.53334986424909,241.91035351267652;
941.1801877602164,325.98272453218686;
245.2726923868701,62.504927095992024;
719.840138106892,352.12130066597405;
193.9101414921347,96.83929538124097;
880.6863356617458,235.1941152889221;
235.41384411167164,290.3832345555322;
636.4125216715978,508.3347542964902;
471.26943071482765,272.64248774694335;
560.8649212122289,68.95669989722697;
968.5839421774397,254.88790224580055;
246.32082423954193,458.74594646798545;
933.7504852575889,407.2277891407134;
414.1515099592612,417.0417725711562;
389.5630807354894,263.90505257175585;
1003.4606492494787,378.1461805942547;
913.482178627117,148.6644475313062;
666.7920542978259,294.9105437843415;
979.9428362250196,43.06575636716757;
581.7210795248253,500.873631529727;
910.826663019387,56.73083165514219;
266.14269830828584,369.4294170110404;
170.5016099014933,310.9407193276689;
996.2636926447739,245.23922195034964;
549.9000602198305,237.42619591360824;
934.5534311789763,114.66644551728982;
307.7499781578794,304.5882186248222;
578.7462536266648,338.8293589559285;
625.4026254947297,79.40715606355741;
537.9415740076678,344.1005897963923;
339.3526444737377,403.29805847925184;
782.1550278475886,323.0125443576852;
313.01916173147004,292.40764258548273;
452.6902318998126,404.46579426671553;
722.2499087062046,64.10515189653054;
555.6059513824538,428.67748378792817;
891.7753369866836,176.15616753789763;
950.7941363704824,222.65774156295896;
53.170364719273934,109.66623566048477;
835.2255673382106,305.1883762370374;
668.7851620130857,220.4128110889597;
618.623173239929,374.8496684138655;
452.3729412069659,413.9880035845871;
750.9607883678119,357.8499481793306;
148.21563164779383,205.51522820660904;
909.678915671072,301.65034475026664;
695.2052659126775,174.5657911292588;
11.776743123614533,498.86944389813976;
858.778916438676,169.33942460106738;
804.7033212371315,294.3263817002925;
655.2969182673422,401.9355238555629;
192.04253828904316,508.593693202689;
851.55760993554,498.08613702297083;
731.68608021288,128.6894743066153;
644.2196361523999,64.487194076208;
793.8372425400504,414.07005051455246;
598.7110585343239,321.2073570388803;
947.0573327934563,366.42258460918043;
288.8435159149397,266.4966614951659;
912.4657012693661,64.81555604895833;
743.2814255559659,404.17107165646297;
290.46407027650247,314.4898948703676;
254.93011622981143,455.1364336778277;
829.4158447766082,473.24886738572064;
566.5403353350433,39.75843539241924;
107.57733685445835,146.89035191748516;
99.16207624248752,263.79487096691577;
348.5062667127807,218.4406562809592;
55.01611520408433,127.59770422261157;
779.3260880703214,243.9255553683089;
454.8851606348219,72.349301825119;
83.60787655052614,278.3707255857337;
265.22638766401906,244.3437836836068;
46.753424914644725,186.15853753990635;
553.7339883552517,336.0165288019009;
131.26159019878293,218.62181433225769;
885.4504806586401,422.5935924379046;
273.658692963593,155.96848141556688;
336.1425678729976,451.2387770349613;
294.6238648145143,344.98414433009424;
970.9437075242553,199.38014063670312;
404.5038518978389,214.75687351861683;
89.674465184716,255.02831948882897;
430.2496589475222,254.53353204450855;
393.1928906393286,455.0485687699785;
590.9007160604457,312.79436684341186;
497.85342708350765,219.16616963013556;
99.09346152579911,150.05659139992653;
690.8122224567855,452.1832677282219;
446.53273173981165,398.95974929576744;
505.65154481462525,56.362505722145286;
87.51507631656362,473.1090556945091;
136.3109394273314,180.20624921427267;
970.0589553150269,247.2730715588104;
127.99264902463058,53.06531815971587;
547.4226334653059,508.83792167658913;
34.086221765966975,305.66547487414033;
947.8165254777394,501.27690278634776;
625.4484778667326,412.31652218249127;
447.579182058924,354.2415501030375;
254.54902087763386,11.748554074542497;
284.3755615959734,276.19310784895106;
406.09521004407634,156.96205782889604;
685.8740356589519,93.3968381553527;
678.3160919222025,193.11757503095882;
662.0772864116415,366.1642456958539;
470.2958203171309,164.11876375776646;
202.98777665180555,40.975065124811074;
630.7680922497868,334.6858848989587;
929.8818791363364,52.54037047319831;
240.78211232274458,293.03579002945594;
184.09784139024475,59.51938652732862;
511.96422035371,459.21749376768315;
70.28125966220722,496.27658073126116;
242.57687586723895,130.2664432914845;
1007.1907023813977,374.13404060083826;
348.9276557338465,314.9331162510071;
932.7074750155484,266.91693161228187;
517.1594922372844,154.48055175811837;
129.9154789261877,131.30443154866677;
525.6793221178164,273.2728400027195;
370.0698197838228,81.28626932599586;
818.4770542027884,355.2401691507339;
319.3584401735154,190.15206245093214;
253.5583748876927,397.2502645406352;
332.4627968690984,36.02831115475745;
19.93377200075807,185.40401078325502;
628.6688497370255,249.3251437957934;
333.2469383608243,167.3075140290084;
474.9688978055568,393.0993037369513;
267.03239586013694,495.98386942806195;
386.72253140324597,26.676710742543122;
290.5231239687246,443.785845173404;
971.1977953261548,420.884567953912;
261.23047891853514,106.69963171708679;
797.3512222051196,319.120568029448;
248.32087336282038,455.7331498872434;
969.7308967161413,200.14050004730765;
777.4500732806241,291.117276449116;
374.8773000863166,410.67657096491064;
832.4404344153709,245.13964705653694;
841.2030152450839,28.985405062808436;
61.52672866538144,70.5233656432162;
942.9341319253227,52.65265650212008;
732.4584637259576,249.13122071666132;
928.6672839241422,308.0533488689181;
584.7235326184247,305.1302534451135;
455.36984024094414,374.332200277821;
373.64183770384017,98.21908473929413;
791.9949678944289,468.04457217607603;
203.4384209394494,458.07317217422013;
923.5958445478424,124.58957711864598;
20.847002506494952,269.3214795421584;
591.176442218163,106.01275758470995;
774.8697764112007,478.27339197786307;
701.7931073992996,335.42522742520174;
925.4797899781039,347.2289647587618;
48.48890928006254,179.37563786337395;
70.97634873653546,92.7258339094628;
355.03631312384766,243.24386948334214;
851.7801251938388,270.0222848491173;
780.1747976517642,74.07225009899142;
686.1624874123759,94.19929859939101;
328.71729577580066,216.99675396850614;
869.0874137694794,470.8305337008917;
881.5405726707843,430.118753449942;
501.3793639541582,303.77480250569323;
351.00452409403636,36.34541998356149;
369.0415008207707,208.46181018737673;
167.44654651268496,494.571599947574;
874.533524594072,157.22017029320733;
726.8773624187568,110.13247228846394;
59.612810760568784,54.869323591149424;
209.27683356850002,37.693546571037565;
600.4125346522552,279.47601790417724;
888.5791381247691,103.47403560720218;
263.8228817817084,121.40169640096038;
380.77489575469866,26.433908324645476;
717.064987492122,69.97461323930958;
611.540873165484,408.5470322389537;
