[Boundary Facets];

[All Points];
210.77562508699742,172.24064254236353;
259.9849210023175,452.10849949937216;
836.3934698886942,145.09572833905793;
47.47631349764935,370.9728919332339;
871.2986231961836,440.74226630299034;
819.4807253644079,303.23333430481483;
706.7126245541655,252.16983082286464;
798.4255008729237,442.69857274873436;
501.75099816795665,406.8593594321276;
362.90623390150597,111.08996487621653;
207.33551683060725,354.7521420912188;
41.29195032444798,77.5252818376758;
309.3362363092712,142.15881466502495;
885.9040424261715,484.9376347284184;
773.7070553946526,58.204929575556;
77.19621890269123,494.3962218319307;
334.19422525674094,108.58381970369673;
171.45277534020775,168.24978672765516;
630.7723673889104,207.00459814920384;
275.9625454006922,448.5250985117549;
590.3312855127089,397.0930867109007;
741.5277621788748,322.0648396316093;
843.9561895743265,172.5814010924271;
216.11563821221324,496.53788223566477;
236.84045446936395,371.71968502016756;
245.19816808662307,396.1926738850659;
989.5388427412178,132.87677208381677;
870.932484576427,167.9147615758289;
287.900325481706,475.37239755893233;
812.9988831738705,185.49846476171842;
87.44577422047783,59.29468054081138;
40.90349256257663,185.332278616277;
776.0997376417987,343.09860687507165;
762.1710929684618,116.20370171184402;
212.57903386276132,296.14850833880826;
297.96402679665454,369.60869820374637;
127.9173156515334,256.88566857224674;
565.5869905080784,265.57687925941485;
596.0066767167757,45.01210309435893;
555.4763453840468,325.19417976557344;
171.9576439616299,288.04823223348643;
49.20057185649206,127.83515692767493;
761.9406893749496,290.46252027277325;
83.3855966452085,69.89426843258389;
687.7488567777089,413.89238666670786;
794.6527158302573,33.86973595765757;
892.7033475189112,234.02799194126666;
990.9578624406632,204.24874183759917;
323.9180834398948,463.7238316084484;
424.61704963431646,233.4799655200521;
757.8670580177308,37.28886944579284;
780.9488889067619,327.73645573834557;
589.8526139465906,260.5829069086651;
882.5650787209461,134.29104142152198;
718.5799293939747,274.4250812700923;
489.4474088453707,403.49457745807536;
374.9877810077914,36.48523454901658;
22.26019102727505,336.27270486423765;
398.8716402967227,193.36887007701247;
243.6384913715659,463.8133668805007;
634.6191084364959,31.790030591224085;
955.4480873941808,174.2848230820957;
684.1591460061408,124.67141331559716;
122.93735075320966,118.2251994408665;
421.0480340213224,162.85994556477172;
563.757506072107,243.443647940976;
129.00018460854034,338.26476995756065;
709.126476720278,433.02825403102526;
267.6109680706583,278.1147494101224;
807.9990559867913,70.91802750679287;
308.67093110810094,167.69020174023797;
534.7512151750942,119.97934060622072;
350.47176789515254,296.32051529567224;
597.0524883971353,370.28594072791054;
659.3739724957675,509.1388378234791;
513.9063147867005,452.707527308672;
567.7919607238949,348.061140093747;
798.4030415329848,438.71522205881615;
580.0649824692875,344.90221296449033;
96.98068605044884,221.04076030690695;
252.81169400672232,48.459293746517076;
961.2355145431693,53.21820683864386;
712.3370499429537,23.461073637625667;
283.62858786953694,60.342551100009345;
129.88836256203194,492.31359120552526;
637.4032566194413,172.24161384290375;
986.7709608089248,345.620981152014;
970.5976418799773,349.8149039807669;
224.2664308034903,157.64577217657106;
720.4423526180367,220.2832379491875;
257.9141623373655,128.2430990099047;
530.963858179359,409.91543851872035;
584.7343715234576,98.61135832260841;
983.9515617633191,32.57723995014005;
908.3616900508011,188.58775186597074;
306.4439034134396,330.2467975810717;
95.92775466046143,286.4773930396807;
679.7054510575108,470.9552119575933;
427.6613087256488,232.47639208741498;
220.52053604166267,218.45601453651096;
930.7799956972968,438.81419814414056;
71.66505633591956,353.2879511414257;
465.0000197033415,305.3568368721214;
893.2952990386677,480.1074263255045;
854.0098016275067,126.65244071205083;
699.0240527463218,479.9541547102499;
1001.8601171784375,369.33342423654074;
776.0277319676993,145.47571091222414;
555.139524328244,243.56765638627874;
249.06974660629987,484.95204330848077;
588.5569878865041,236.33274869143256;
995.5065027137714,16.5939485877754;
385.84520298337145,375.4829404189026;
625.1658104142742,51.11237288043673;
159.83340402686417,389.8631138575159;
818.3643008694894,184.00565331762468;
641.2658599518646,50.97467996770104;
30.7884559079603,407.07973274901923;
258.9386496738465,449.7438781714396;
881.9271980791193,227.8773528711293;
289.3719868478015,368.628680480684;
640.510418144506,370.87653438924235;
428.94061264022355,391.80855128611086;
843.0753314864951,404.4084469494118;
356.3960958744067,240.23368086119106;
422.1028356163763,61.144524302956405;
328.80097254130766,68.94193642115931;
366.79045859588996,267.52957973989993;
561.0679035724239,91.35896477729754;
791.7438041820575,157.85666832554372;
24.696836068998852,468.63792771707426;
893.0385911592998,99.47757606483431;
394.09317713347156,24.511514174377126;
961.3447608366913,23.34411770900296;
757.5519915464365,480.8287578584162;
294.06228595119654,27.008812541611405;
600.9420087978482,509.51991681871027;
920.8352260522556,174.82564203689725;
912.6603541716726,391.6219735465031;
769.6015605096487,500.84095646756066;
913.2455412098273,49.18399064265499;
844.7073966856568,172.852605546183;
341.38541230541654,178.85293047390581;
124.58311484942274,507.4578859348318;
637.0629591754797,116.66580680431359;
449.448234844366,265.63509948546977;
540.5281247365639,481.0675299167646;
986.9083161139783,45.77326734256558;
804.6997981333009,180.61244048225333;
608.7200784720444,119.40293731440943;
561.0467559992458,355.0426010129708;
551.0075235810607,262.29553449697534;
482.1102535552045,299.7910036445778;
540.2139737786875,468.832335819437;
978.9655251200084,427.7224858674728;
655.8522115835134,168.17945145264588;
775.5795416682911,385.7908628456109;
728.4224116381878,133.6135011673602;
87.8924409054661,243.41291940415948;
378.64320963181086,16.647853514688606;
873.9949357888734,91.63041471756644;
103.33725230085477,306.59578546384347;
682.7896030050919,415.43160050418794;
862.0296181736436,54.45033455311359;
354.63160132334923,378.921998762888;
570.1097916651315,340.78255026257216;
967.5812485441915,89.87176986645983;
373.79982596882877,92.23880433428809;
513.9166880115511,169.49586136633042;
500.4527158268106,432.20951393054287;
737.5575408166849,232.2366554453162;
935.5863119750222,384.4048830120042;
994.9800824088168,104.23669875235058;
247.35790505405384,446.59033546266727;
798.5439381416055,355.7244591349987;
155.97148447418905,313.4790778319383;
731.0525600970243,328.2741848176552;
350.25312713248803,99.84963014047231;
274.9103538740902,368.09810792493016;
674.9607630783016,501.8775380735114;
623.5867743049641,127.09062916891332;
447.975356906929,284.3157325208341;
398.8421509701302,56.303813078683085;
231.0640584871214,385.6299404604571;
822.6417424692205,80.58539955407828;
660.3896720874945,291.05928320123206;
957.8531254437518,60.56695883554019;
738.6751096473575,324.5889943315557;
314.2287014865473,388.2017141579103;
636.6171154856365,317.9332846916433;
325.9914483458752,445.2581608659916;
209.9096146858248,75.79753932497329;
310.5767914731564,203.02903705123492;
879.5491974017414,320.56642438992;
268.11601829619013,279.3254542468314;
232.17382398938256,224.9561038543713;
136.36221493432498,156.02558899619845;
721.2012978563955,179.6137624668458;
38.41178113363097,468.69310049115893;
841.8207622055506,106.08397143535407;
697.3981464083084,144.07698648158828;
791.4772472925981,430.73968732251006;
630.3718712188829,62.357328430619965;
41.33086897922921,106.55080038348262;
738.5448023899766,216.45216560417;
683.7889431856695,360.0256941925732;
700.5696252495541,407.0548576783951;
33.39532492752316,318.7298412449504;
11.802336163999385,386.7709600681847;
324.39180244830345,305.0962631402763;
605.3580771873957,299.34882301552494;
146.5498238696925,398.545156168539;
211.14532414135923,140.8626324786198;
593.7090545760793,207.64926811264695;
324.33601107254384,443.110997250438;
412.4834934116982,57.116064855793006;
19.594801749554406,14.183898187175739;
278.61326145941564,53.663970409678285;
392.537883912337,481.2857254187855;
1000.7653815803792,160.4348537502501;
457.08849908407353,471.617143918557;
116.71538623339616,352.2054161335656;
66.88352843614442,35.274741528310884;
564.0663025296735,61.01249597552027;
712.140043930807,261.00589905622144;
143.8276517528586,86.69808394012634;
540.4031770808243,196.23372025876733;
831.3321504030998,78.57736584650992;
471.2664100560752,399.7056563226877;
490.8587348156099,47.69739035682157;
579.8359113764478,500.7448014793476;
451.6264140523303,253.07793070740985;
646.8900212552376,282.9861234784038;
509.4873389329317,495.13336367823274;
248.99533183222266,367.5075878455098;
900.6763336538439,330.7091810735667;
409.1708869603865,114.2725007511296;
640.5139654571077,462.98905859355966;
233.27286923792377,267.5493473840336;
712.434046928259,141.79254460640615;
97.16686413099394,273.4756277259994;
915.1962097913403,378.1600257128608;
610.3263878639482,195.1908821080796;
987.4226544245303,258.28343498142135;
102.89398614632604,129.09840301648387;
185.08927039885003,428.77956660972995;
399.74518772156586,428.25661048333797;
855.3460395106764,220.32738395675017;
41.09374489462668,94.34736389244767;
550.9870511323203,53.78761800672992;
287.20350755840786,407.8219724996978;
229.68105271252347,337.396895128121;
882.6181279402641,297.757493760813;
795.4370708767406,458.93049955251684;
476.60717032657715,21.620598182357;
687.5727822068619,27.143272970449488;
877.4149777582473,483.65335332965407;
703.3725241485561,389.5579705532936;
646.4050672423156,171.8416473400156;
610.2199859733605,463.1222331656766;
40.624684036659076,159.51696791244683;
671.3463103895982,403.11605375641125;
575.9305893799909,92.11818600583976;
46.05216109630482,295.3206359870931;
314.4376717748155,447.9985926965279;
692.9966242998788,452.86771509167096;
110.3961027086161,505.7934809758049;
790.1335843604036,193.21766929412587;
141.28332555891774,130.72995942708133;
650.2617130352415,166.45294427207318;
759.2172826556067,282.5845420901902;
835.8228272237333,174.2812405254897;
237.00711234812331,369.19963215702273;
548.0842065899129,333.2751411908888;
281.9691041878465,187.07426741324267;
491.4243380209222,256.71840367467746;
383.62927799421277,191.62387055863906;
548.6183539877655,278.49379700788563;
260.7708024005941,266.7571044931991;
124.10337605605281,420.1275513032084;
724.0429493447818,325.0888165410351;
66.03735090251783,233.03962121840598;
203.8057677749192,347.24483577369466;
317.3879390320986,180.31976128055422;
386.49831994541705,492.71055637809803;
580.3953969899509,288.7074929446769;
563.514345213646,86.0493168586736;
241.20803102110722,57.922126787404096;
861.7892064327773,255.76108868556605;
178.48905121031532,84.71664073321577;
969.6870363887415,171.5473704685413;
174.1573032416741,120.4911814228246;
539.4603477720343,167.21373613281347;
314.57248926311564,313.35781623131595;
317.3651343138053,227.0672616986094;
488.4185038376416,258.8853648162886;
259.8136783507473,435.41671527861524;
208.17873863730907,146.14906668672373;
856.7362032132239,166.9889937855562;
521.1739274276504,87.17340323669336;
78.78998930712554,115.74244183073384;
942.9870374943561,351.49860430787527;
44.428961368740744,55.49169975448453;
713.1346739444546,154.58472775724962;
344.1767532305603,28.548301429937354;
16.540135402402612,39.77907988216077;
925.0921678952428,96.74958128897914;
753.8182177246664,503.9956421827611;
562.7110795420977,36.25014243662349;
552.4129448697074,37.45883163485963;
684.6347242753027,119.6271487077024;
621.2720199764186,472.91785313754036;
148.3783896469851,335.94299277485584;
20.36972044670137,209.86821945066208;
589.3073194407986,107.7137161999953;
859.6973537670224,302.99886930406626;
410.81418402042203,464.3111225638382;
419.08178612917254,184.75305087864572;
365.80827645461886,434.1132945502069;
540.3508423080631,424.63448664104055;
643.6619038402577,337.9933565638811;
691.0794035480416,472.38536429784665;
999.315522019725,424.83391085708394;
592.4594787116772,104.37284050708928;
235.13665152324714,119.76085818255743;
331.9851295774997,35.85802220791344;
215.48185346436298,342.8235463743239;
423.15737885185666,464.3851171560813;
556.0193213960491,21.74668560514891;
800.9063748530214,81.24229447672225;
487.42356722813327,34.4328430477474;
962.7914008309548,265.60718145308806;
483.61380653573116,163.6961219722493;
789.923122555639,187.84018959670988;
557.8299045194282,491.0533489441216;
291.501235784715,96.85615925715601;
444.9045743326365,434.0720501940381;
296.17897066793006,96.99751493774716;
587.9702552640852,280.7509940666917;
851.0484743881126,52.32330076247137;
23.21388477048624,430.69510134808576;
809.2137872492253,454.56230943310015;
217.74289996990524,309.5876243841324;
927.3897923979761,283.2136237196306;
836.7508314221724,415.6726443196836;
603.3799192870385,121.98700896030384;
420.1447907975517,310.4475382641765;
562.2742213140148,274.9935603038174;
11.220834956282113,327.9737590676943;
70.26328165860383,154.1826663600555;
845.9182349775629,492.43696258609015;
597.9115520213393,184.0494297717744;
588.6616357584375,154.08053400874516;
727.7108649347804,279.9702475453633;
887.2039656234248,335.0006606211095;
86.13336051340436,73.8739793844274;
934.146015812298,475.68663933055075;
879.0158404516951,96.64492554173108;
285.5494945249026,277.3648495347446;
495.13168647471036,104.03296677004752;
138.3542079730835,433.66573080805114;
775.09626714538,57.59931197837475;
761.5982380642115,38.82247640464908;
83.21983397075704,427.591731292996;
579.4593475544824,411.84687473320474;
265.4812556146535,465.33585643472276;
419.15952646045304,85.6191028858555;
843.7242117531282,295.32104352677015;
778.6144994925384,466.9360154255848;
606.497038624962,265.4981081638923;
836.3966169924511,156.2495076597544;
100.73251877391641,286.7128343179154;
56.55970607505877,156.74910883991188;
164.66856953529117,390.28062924578524;
660.4674207693522,250.03582258303996;
735.671054189951,141.03656254870393;
828.5060995210681,130.57621745359904;
189.6597768139605,331.99928656366717;
824.3089886604066,435.13325259180345;
672.3246180212805,301.4528119780394;
669.2003734948472,122.3123716485897;
228.83599318853365,105.113664517609;
736.9861768536591,339.672056680722;
788.4917453684651,268.37252225392115;
868.8217376042894,27.662068507453053;
657.9651959087998,73.84899236134967;
783.7967290293567,108.29207513976773;
734.8440891748327,93.64939218308581;
788.3897190004592,87.56668179133852;
249.3056639924418,441.240962196586;
296.95609992249973,459.72940073318847;
677.2635142303899,292.9967013112426;
540.2187759632053,194.63405163229513;
146.236583734175,333.9843715700472;
923.8412630701964,117.12077269978948;
671.6572578929972,426.0310859250946;
867.5351958158424,13.416541879535384;
889.6717166156858,503.13186843332505;
529.9190324657229,181.8198125669604;
443.0744211217231,408.38188139193517;
767.4440795350246,390.1350277550275;
219.21087574805154,260.47723011182654;
803.2202747951757,155.7226408019432;
60.70178005790649,68.81356735456517;
171.36189363254016,495.7149375059111;
342.52744572593383,158.83791755453356;
232.07826225003802,485.3917431674408;
593.3818549061184,196.08771134593843;
264.3660028538038,417.14441685918194;
979.323236554505,148.72845053465716;
374.5248996628042,427.9507507939652;
655.8119738161228,98.17563824099639;
357.8779663045155,296.9759974817491;
201.16718028105296,107.86628576928602;
364.2445798205912,507.500546086296;
359.9147443747075,476.2162883811548;
418.1551937572773,398.9893068979231;
617.7889790571314,383.9662582332739;
893.3216377379,402.4054247958241;
952.4458294233108,177.29029172289168;
859.3310907813539,481.3730718060966;
580.5067772973086,483.3591781928348;
169.51755181752614,219.8338423821458;
80.05820917249028,255.21595992536132;
691.7627574297003,26.337778475798757;
390.6975893453337,34.12371907359618;
472.02220502486904,135.7961031198352;
835.1272715216481,385.7736337450556;
444.91678780354835,133.88651364334714;
254.31093761387112,378.2858962544702;
788.5734312151224,501.54080322906935;
66.2360810170639,219.16785890117234;
303.08966368434363,42.28846935678503;
22.591740272904993,377.0376892167878;
46.328989175371085,232.29907251322444;
950.1160447271551,377.4395900713051;
273.6011345769895,74.18384525929422;
65.7482550189876,426.8715643812377;
121.74967730439501,481.91330750747983;
617.8391124710083,506.2965718124605;
106.01386216753738,132.1784298378941;
674.7833208049245,493.74103778432607;
11.44687939377186,478.39382181673096;
481.5246993415695,184.28987981596765;
579.0169723796641,321.2829055911605;
560.3934321724053,399.7079671712939;
402.61825497852277,311.9479274054059;
689.0085703813787,469.82744116221227;
548.0947722149457,222.298060504346;
851.8978304412369,101.76788873316416;
119.03954602444787,163.44299348380835;
710.9865592510789,461.26630914930234;
294.28722784031504,135.59060585234903;
420.4580897017601,252.76090295521874;
936.2231485960077,491.9133683896381;
176.84155720215955,255.05432071594296;
1004.5711661723907,308.18266223898956;
566.8529648310231,293.7920663888897;
867.1081491939607,285.5975190595809;
519.9630923123111,357.5262409889724;
234.9344930536529,458.48873012351817;
664.8758198850273,294.54764852453036;
344.4451878334809,26.653167265767877;
125.4059711900568,501.769438677251;
400.847629173125,485.2321917594433;
888.3557585392853,172.41236858830405;
476.69845222077674,227.04193289157547;
213.05730527534328,190.6573251441687;
170.77400385709828,143.24202745614295;
824.3067107247726,398.5853496566054;
280.76767546084466,32.526942264803786;
645.7968697699423,386.7856458462496;
668.473011268191,314.1611445702172;
24.079825145573043,35.72848868927813;
39.478673081733135,301.5807389433053;
901.7098418954313,489.62603735589755;
513.5980643966677,443.2384817481257;
940.4523547804848,405.4824174182431;
435.5618258232112,309.66779016855196;
580.1470930882459,383.5983750902947;
373.10340968510326,333.0412901934394;
476.74811004562287,446.02575285054195;
272.4040336405368,385.61976437875336;
224.76626800993293,497.79956167261304;
500.1659910871682,154.44402555378628;
199.51411043102507,291.00310882174165;
295.48985188846257,338.57582391027177;
46.54643156730408,226.7147213701726;
564.6218266316133,391.9351118861146;
310.5247176418442,220.7003827002799;
563.9341501521001,333.9909731003082;
666.1356056052078,478.8454411584422;
733.8441019631073,141.51105118027883;
315.32056016940777,395.82802660401995;
978.7340751275466,62.83867165247125;
814.1723651704839,250.082650287102;
312.3202475351461,108.0151824339574;
345.29539875857216,194.94922721381346;
366.1943008091034,246.97086491804998;
31.871688519062182,394.5095039460165;
453.71175087095696,78.39281310525352;
89.1797950876556,357.68286237181997;
902.029901685145,441.945745417552;
759.3892675794768,444.94602233834695;
924.4988098001384,250.78399813454553;
140.73287545471769,27.217379892547513;
872.924024822577,391.4225526348891;
152.33407959834054,459.7593551108068;
348.69263135118734,131.18463115050145;
118.60915915288905,123.97607644377644;
450.2775653210038,163.51046085870323;
954.4075957277963,497.80217484887106;
821.0966333990616,149.04395778308992;
233.24736092636766,380.37280551103424;
983.1799559156776,155.29878402406487;
155.5920406486493,414.6716750647456;
570.6060218911764,14.849638137351453;
907.8809791506492,333.4501681900278;
402.7338816484812,426.6180355342293;
165.85805788716613,189.73843660562244;
935.2508137732001,220.3904024102572;
194.9843339440772,12.535505100599355;
665.9687795960178,432.6811910359827;
609.7179942566983,446.14962432311364;
668.8348805336695,77.75731963333054;
374.90986159535146,220.07636259456402;
438.7384571542979,180.52864959904258;
826.5925816789679,498.68940421936526;
29.799194527710284,402.126963008421;
622.7708473546721,49.25363076825844;
829.895615852098,439.5316953513972;
329.39668902376326,93.35808221756174;
918.8427765323297,206.6936962117043;
583.7768745706271,435.773283378169;
174.82371090515934,34.301423966611665;
544.4119051252061,76.13699177086075;
131.67839885758315,197.7843462534845;
444.19413347354396,311.9613235913696;
523.9279487880267,310.5867628782208;
456.9545188425963,202.38783844667617;
391.178708754603,380.0792118623148;
852.162884229732,56.49454388613994;
13.830763465468735,131.26612566815402;
549.5740454142644,430.9926656608035;
93.91836163112565,426.4303153832103;
937.6063793521191,308.159968932775;
228.24508915747498,167.67753238404708;
839.8169136013684,167.1435591025977;
744.2748280412789,56.183734246107555;
517.3114486147017,391.2083848057653;
315.1407740002232,264.3034290778993;
71.42139764029585,165.03373579232755;
40.64857156848366,303.09182724817555;
982.3720066295239,236.60075139511548;
247.52096309426696,236.73525707617281;
542.6471454098221,274.39014600466686;
868.4062727678357,354.34377687130876;
845.9196857903008,194.80910839241875;
324.40859033618574,482.46771084341077;
897.9675676810202,208.9059060019494;
721.1693068870745,269.4203415287282;
246.30894435839232,389.9491048744738;
882.8574910222208,159.99164632405103;
756.6110911019941,205.97676520216362;
883.6303220271068,177.1385507450071;
731.9663203275086,373.3099403618628;
673.8701253729621,33.35741124958524;
688.5948974820107,502.80006743111466;
693.8874869946828,470.2464644764792;
735.3647112613007,41.02560883047673;
890.975306272676,332.59510849716145;
148.7649636778825,462.46487390025305;
987.6971923329536,258.6301577294775;
455.7904154259286,148.9134734383145;
283.5188014358597,200.27734443121003;
196.51632120773687,18.14865114717489;
810.7248996138754,424.1092226651623;
869.780861496557,393.68692691020294;
953.3371864418918,461.16044715573736;
703.4146724753102,270.22855408553255;
429.40279620870035,96.73412871097047;
623.9747725754467,299.8778303245099;
323.0437556206046,179.0512996197781;
656.0240971489883,194.68275600500195;
148.26440070768086,367.68125092611996;
899.0185401107886,377.3002601990944;
295.02555082586343,439.73914084931835;
30.71536893094228,44.700167465316845;
433.4048267362137,142.40193349206152;
109.2978909062061,403.38208331182636;
394.35409163336607,145.94898908747638;
972.6303012395616,382.2517397468961;
273.8633988256098,423.364426381621;
194.95757510605492,224.35476436202595;
152.70673664239774,468.70710618723183;
526.9776509704529,71.97426203390293;
921.3790399454538,348.38477405506075;
46.877598119863464,98.92657695610806;
11.499160566355794,325.9750002262327;
969.8020682794886,311.2963895707827;
536.4232597879708,211.20636834166945;
709.2051249655424,443.87298164020996;
939.0975069547155,371.53216082809473;
28.18295820985916,371.23964769680526;
573.544763813379,246.84448963457731;
633.2198363443902,367.0949573562127;
177.39629589244188,124.22724286711811;
611.7749803661451,352.6774474301502;
907.6276001551772,152.96079056485743;
765.0290205011629,500.85448822589;
871.4865748596985,503.7617276436114;
394.6905803231786,34.112034270174334;
314.6897999655882,291.2384198490063;
583.7877793834436,475.4276993051913;
153.4282076250114,74.59667361598548;
505.9402410133318,403.15234127858673;
981.0416645026273,66.84271201827713;
596.2401066534198,442.46738824758836;
730.6550070437415,19.84795509573261;
361.05162100548415,36.486788759177756;
842.2389663498742,70.3890931503443;
930.8721014039764,120.20520801579181;
156.63400764241507,189.83859468118467;
574.1176801962858,258.38718703975405;
903.933768608395,110.2111283902688;
878.6384836909857,498.99991019013817;
817.35789680616,241.94882907970322;
579.6187869630829,311.94456544143844;
788.1858167517958,364.0821827835285;
528.1379474154261,456.320178867507;
972.6186482940363,190.57588426574245;
741.0293120976315,55.69351024805468;
413.69556391061934,448.11869415447586;
315.12800199851074,79.50897149860036;
102.29753485442205,91.33822723645446;
239.03250327014914,128.1576636970682;
54.24369881461521,376.64389179578325;
281.0965513453517,419.79747881034024;
494.9097420450431,373.8468021675892;
370.9909424266784,247.99294140361303;
330.80872878143765,353.03810383347246;
434.6509361224502,82.29337375707607;
756.4125853153803,21.842446169133716;
623.1508852478546,481.6539580718291;
988.2724397920053,454.7996649711899;
174.8299382596733,52.01675235243552;
597.4126301259217,78.61242791882793;
636.2849946354572,230.87588880633447;
949.7526248114974,441.7172030530082;
369.2704817186194,445.9094949892156;
591.062749717875,406.27982664681025;
303.96147546092453,217.07445679578205;
493.2153923619462,298.77321572390053;
888.803954484546,130.98784793690663;
284.7485653964262,434.9266891259635;
995.1430589935447,450.4369126068811;
309.5861271577868,57.14200235164145;
500.85764186205796,281.1686493997873;
110.349734465205,127.80635655065308;
923.6450972874262,85.90569880933845;
85.34250852339075,145.58595973738537;
217.61753234727885,377.5460590287481;
879.0725347494241,44.95857423734283;
886.402966924661,360.8985626335226;
633.2448185361818,470.38871882646174;
936.4317105493271,154.19457552987774;
423.22087415070916,241.6892375662325;
738.5800892932339,190.0765542038353;
700.7723036846664,285.52990133800176;
949.1712231253138,33.18377617843509;
973.5095342812746,231.2888497860907;
876.4624542975589,360.2514681530401;
125.94438608056423,390.12524608305944;
97.985771615678,330.7044391288577;
402.6049049810557,103.2991678257138;
266.1975832087978,345.74802427282765;
359.1549114961635,352.08344529313916;
607.679028906887,10.209960275383503;
916.3612714046026,509.5760081456416;
702.2755539642488,481.8834504980221;
258.65660161730085,100.79492832908915;
470.76690848386824,173.28475000718652;
743.7136886360965,37.098630447665144;
302.0241095330469,320.9062284318315;
263.7763568541179,338.9469310231727;
605.6976423301978,318.84299243070575;
46.7286038854222,47.37331021266066;
890.8450978670636,332.50903564262785;
476.49653756328837,56.63519765350088;
772.4445178784816,463.3531183263388;
288.9494662089003,130.24285321522962;
779.0673672514893,70.24629750404914;
119.13604979154346,285.64097665652537;
601.430945904191,367.49341990408357;
640.4955185643557,462.77201747598133;
83.62497973288762,237.0912052758205;
228.90027659484613,446.6147462143182;
126.78487642020663,299.8609360013763;
963.9919540831337,70.76143535934392;
578.151322020306,476.18603892772046;
427.9088009302422,506.8093641503724;
478.8132404176321,29.020743989264453;
611.3452122811391,295.23557955878965;
997.3266585784164,260.26233731534796;
879.556221861418,392.8983514494777;
797.3382568789336,478.9242032174258;
555.691249872312,483.2512693747414;
461.9274323415189,351.95891068577583;
574.5042395011154,302.9202739107212;
81.79587171688794,308.3988988524638;
784.2190146156427,85.32412424814467;
822.1316418011788,341.33351176637416;
759.6656888391799,433.0885218776225;
566.2231022643401,462.0661992119932;
173.71083349313565,314.3561871693777;
601.587143025633,87.13745568800407;
957.6778893789505,156.59486371120838;
844.4100839373709,120.06555965767278;
943.2535225466639,59.64201023366355;
750.5466009541155,112.96176647281018;
113.61237759286045,158.2181676681837;
240.81916753457676,62.22654324932535;
703.6609571844883,415.7668085102247;
45.364776432776026,105.18185073358276;
309.8290819988076,435.336648937428;
842.9520133614709,61.12464610712769;
449.36020942309494,142.56287387553434;
667.2856814300228,353.8480305456608;
270.1706604738848,397.6685218191283;
557.0307330673742,431.7955969814749;
655.7379463903576,257.9203393912611;
131.37814252398425,50.3166759402811;
907.2428170547928,80.93983057553638;
43.06779686597716,367.3484238621956;
828.9578397029042,427.1897804285448;
779.9316885328408,387.06740344270344;
877.6656033064104,192.65935171811014;
35.387448448634274,332.77927116130087;
57.88026223421804,344.55257087546175;
691.1747205972761,163.38429455757952;
759.8207779702796,114.53538553872532;
46.94714607276428,29.319207948194304;
784.5966496097188,216.73590282541042;
980.5704663356055,157.5518139689106;
387.24019691972364,328.1371948573905;
975.9828968799553,208.56989248882218;
643.179501258508,124.29632788481808;
336.14812181725995,418.1782154959255;
590.3822408019565,384.5579536640885;
957.6004798375865,107.5791523719805;
347.38719216729584,358.0417601629055;
269.5788916223312,393.04647113204373;
779.7677160566594,509.4796087168731;
975.7155970136524,278.9072350096728;
464.4897114693338,408.12628853937343;
727.214989772841,348.2388948147407;
269.5014469535454,210.86230871088685;
912.7556862196715,109.42638242042634;
781.0577735255598,459.41753252192905;
685.5830785912328,80.01002214866348;
15.342982512229977,358.098427482778;
878.7492143053611,422.1565799754999;
875.2025359670632,197.59745781583436;
554.7061658832387,410.68008203885;
575.6841380534613,146.52339869371383;
462.5068195910637,456.07932666208006;
966.4152324892707,448.2321834124266;
211.1030635726595,106.98461833658945;
1002.728877979895,344.48041591940284;
469.8601080143466,462.8794395312622;
915.5518204705136,29.099807439781735;
781.5091761679095,84.35016370901599;
1006.1797744157261,249.3575161158387;
524.6440149857531,28.91576823105029;
537.366459953378,35.63016795169859;
1003.4185327065845,174.96213766874922;
636.2678053058493,421.60915408864133;
664.3417442211636,220.35992386060616;
285.78934532121946,118.16313905420327;
496.63404190245376,503.1401551529562;
947.8653043164179,502.9831052941487;
818.8850400727235,202.15924657063604;
230.32536515267554,255.95144591601738;
773.0441700987272,144.16953347497463;
603.7469785243491,417.4240678020469;
628.5531113934154,80.66175233481653;
931.1392183162633,128.79620021639846;
876.1060460637605,397.6901569603118;
483.71175620882747,230.05257016075691;
160.7465044467433,165.0841278586992;
818.8335059542426,501.05262961198935;
882.6155347275039,133.15840249165842;
675.3274933877483,157.0783477785979;
907.4500533514014,242.71398083626582;
675.7190459149741,482.5231658624114;
673.8865939208744,482.98934624641737;
865.9393746508407,213.8688671717479;
571.0402185719541,204.79895350349597;
750.0627987335164,509.8563392601226;
610.6146097293854,124.89934758554693;
540.8311968434699,64.74772691286466;
561.8249686385137,246.18448144795883;
635.3203569085923,108.28680507144688;
769.1560426628912,412.34046810710424;
339.3000659357712,212.97407180356646;
802.3255787973872,257.97915566951497;
122.04666120858143,173.6832439730148;
385.4844398677931,176.49108841775185;
264.29896301864085,493.6510422845678;
956.0136788657899,359.8606327204005;
211.01187249397324,76.7091118680827;
310.3356955140166,441.5630422426907;
913.9663534795587,457.1145861230607;
441.1964191882226,184.6581053617542;
393.7087918349129,150.75094171159535;
119.07296292870572,296.5253587055557;
151.18189413740967,400.96590616800864;
597.3349060826013,336.6199286026265;
606.6069223169297,196.85895956980093;
143.66459280064336,24.735588168954482;
552.8228341833693,395.12139840346885;
298.3036705438125,183.6194827375563;
798.9809033288008,412.73247073044377;
765.3869988491223,126.80493490545952;
346.07882779518275,17.600602155212133;
336.8486840837489,226.79156539749616;
189.4478749072377,265.8393936748578;
887.8936480082588,508.23568077989154;
290.78987750068785,122.44253342199994;
445.48488990922,249.19207941116755;
445.84975570099107,120.05888335429964;
662.5011105104483,251.76520860430435;
776.1804280626923,282.03827742052573;
733.4325199532525,356.2705411714538;
563.3802284458318,217.67837406717464;
205.14111068602824,173.18717161864765;
14.091351176676138,434.4643697144803;
887.2096442908153,390.15477553787457;
40.11107443887728,324.8284721070103;
635.2306843161685,74.89585970187673;
446.37069756620707,345.8812900256124;
451.4158080748585,484.1237982906474;
27.96291364846059,263.69576410788557;
377.17507053099916,286.42823197387213;
54.35011172763126,21.583798530325428;
314.5053447878802,445.3150910887202;
999.6589875372468,230.97513371796833;
923.6166772307606,274.80224440634714;
972.4503912387154,327.6084491497607;
299.07853895897404,122.86847032751585;
664.0617155490844,458.24754971250286;
552.0693734278485,137.33898288198048;
385.76460888732277,151.872183135485;
852.5246082072334,228.8381263176651;
242.20389209598602,11.216241215092339;
928.9152645349096,196.10252430486247;
507.4679143701338,171.40489663436492;
340.8961699295494,312.6251552669813;
248.43207822732148,409.3379221885149;
115.2600817083127,173.42368900888948;
505.5323799753706,163.4391692935927;
261.8629145753798,115.92959593050749;
595.1102126048684,480.38883699972047;
271.9357172569462,65.63666221481716;
326.24015037651054,100.88666035545346;
573.4050295526312,233.74437976868882;
80.6611916174581,474.58550197809285;
961.2922099219708,230.14081330277364;
42.000268489654424,363.3495486539862;
215.59523393610635,47.43259558985373;
82.98195025074105,296.28225271090787;
217.9503661763692,453.18310438662763;
16.624128720783773,36.27256032957587;
668.0827250452122,101.5706591994419;
633.6814209283834,489.5116560316292;
285.0603844954802,292.1590030439985;
274.57781093960773,356.4478344069161;
287.49983050340796,214.23874893162892;
564.2171816589533,338.4536054090038;
713.8851933029821,456.7429299678406;
707.5517815000188,250.7572471300909;
39.95056630403159,80.72104982101024;
616.2326072337622,182.7110896097371;
701.8922434821725,45.769470027849025;
580.7916674602967,310.23316470673007;
481.01819321790094,501.47013996016204;
668.57841271451,49.535031171645805;
143.0890335141941,38.83684875229131;
231.15206948195544,187.69088461523685;
277.0600564734774,64.94480213977981;
674.7450738607384,31.24201448838442;
190.61628926836704,424.6099740168942;
100.90544073392715,468.4126991296603;
245.3829198080971,316.357572690261;
181.73852264770352,333.0134509616198;
90.71895370430771,21.43647355023536;
920.5804279096039,500.9933002749427;
572.7947410418717,290.1458303114124;
176.36134432834348,421.7988865732758;
869.0971905768807,228.51785178121764;
414.94597474884296,150.45301537085192;
650.8703643048874,220.25670306224288;
699.6219488695227,67.08206058325837;
297.3177361508985,353.57588224797183;
324.35697241849346,197.39937315198617;
748.6056791603907,237.07489544103942;
257.4387122849908,91.83001485752489;
509.6211401367758,220.470805503206;
541.6848136500026,187.4027468116351;
515.9750113138801,420.4956548645978;
732.502670850112,229.53340823369138;
273.4905714384346,361.8091937767132;
706.6049785414964,438.1548310631441;
780.947285892983,225.90828701458676;
965.1649948236726,145.05794858838684;
712.0076755117008,199.7005022383687;
679.9585306175211,494.8897368092397;
390.8138570586247,387.0883319312256;
829.4393900554345,95.29822860815678;
548.7266960868473,45.022728091471336;
602.0142083219755,97.0882067203948;
104.26632739875784,224.04309630353092;
280.62375992700873,365.4345339176667;
156.88611713623757,447.63350904715685;
316.1637353098089,161.60477141907137;
958.9756152671392,204.59913150064116;
576.0717181571115,431.5368335835951;
405.6174648448628,161.1242233300489;
828.7188672722154,387.9516276679397;
653.0118155776161,59.65981443485434;
471.1093429587495,31.822231417987837;
772.094999469262,348.04460995015535;
297.3906260618522,24.718201601210623;
582.9371091124806,174.75862248597673;
804.3887649201688,442.9775956903047;
425.6496027840554,463.9246363670608;
1007.0512058118222,36.567342613231574;
820.6148491941578,417.0857747520077;
299.184700134753,265.9961500658726;
545.3269988165802,439.95372057823937;
490.8179974578287,87.98770029179263;
278.1463437618993,287.5245476334191;
336.240692631529,51.849182514770874;
597.4486919403939,108.63899280893452;
284.9188494907049,231.14074816458984;
848.5867305918878,219.58682716577314;
590.1899021840113,441.95996162821007;
281.6490996228629,20.898607373611533;
27.31771476940014,32.15270510471906;
824.9593959737041,90.81266417750487;
591.2784265731043,131.39867765465468;
880.248350673957,429.377422832851;
608.8974796438766,93.08764267724045;
528.0793019291277,36.279756030194;
407.92499392492374,344.6410192025717;
384.09577243116274,32.0031631717536;
813.9885427021093,219.52287581752333;
489.56576059914346,232.7941187515204;
792.5985107187265,133.39923197851354;
467.1120743141338,290.5192059497265;
939.0137298403391,71.7252621258283;
465.85939798338717,188.95675656322192;
812.7611110316883,160.61095386920215;
415.21348395058385,424.3757671178071;
251.48360858681727,289.37392995777174;
701.499390102532,299.80175524195016;
259.12369875131157,333.3691985731498;
831.7062039587822,89.00514419941473;
837.7244622380349,290.0677882866994;
801.5804090046719,16.150390873929936;
52.03319403609418,89.18225943082203;
496.54792251269805,316.657057741592;
408.5025654937375,432.91629636155346;
758.3682170032904,492.30439095122915;
246.10628841964032,490.70542469983366;
982.0678542368478,480.13673413385857;
892.42130645408,452.1947692399904;
50.91376406423508,69.9374088570645;
204.9509016887422,90.32689968512818;
408.18213678350355,271.4266330679807;
298.38515568338664,364.68432359847975;
93.00662621905452,83.87619852370648;
164.40317499864153,332.13867078182943;
71.63713878056565,446.627971351297;
340.7840844941475,106.51929541460625;
975.3009957977575,370.8793123325807;
251.30790970856742,82.21994867402465;
134.96848763115133,388.19411428016986;
455.0845384774107,490.40329095481235;
893.6739211093065,55.60374481887308;
1008.1939407005402,468.1002766480289;
853.2154133029027,17.325966239389803;
804.5739916781527,408.71508603948024;
886.8121547419479,129.16605224127926;
645.4316882416612,377.82850091078546;
729.2935492814358,86.54932386388808;
996.2750633046422,13.934321705845456;
724.1946445950477,283.27462949864434;
545.349017868646,194.57059457991525;
909.3721625632413,404.83187947952945;
