[Boundary Facets];

[All Points];
745.0002798199198,453.7696259463072;
35.90399402630883,416.70144615790707;
996.3417251431232,225.99177295124227;
107.66552161434583,232.6801305621261;
351.6691994209972,487.41152002507164;
413.09775645695544,271.316093922241;
267.8389878296211,303.2727134660489;
804.8064823931429,461.0089295132543;
90.81469603201619,307.05689543427775;
1002.3331389042496,260.46183436408023;
892.2072500598644,19.0122187502501;
760.8832526509333,275.40887494145966;
240.53008041048017,161.29882984244992;
25.95859775067998,367.4632605852425;
945.2985660697395,240.76368748042307;
187.25543540875665,163.74534684593777;
716.9449810159076,108.8788399806954;
589.3210227180898,40.70443689124819;
903.091589939442,24.877399986087113;
710.7841305547556,427.6786424671024;
420.8758164318469,461.90254543327353;
971.6342413232334,419.8199150989915;
328.38820458958963,311.02457855522056;
312.49955493953627,176.5100152545138;
460.6250564315637,484.20527871394097;
188.4644039818486,312.1392876902978;
120.20212463171497,415.287871988704;
324.4497724402752,60.45919731899906;
682.384676222872,398.95372274959084;
767.5444684211017,418.9249346321593;
383.9913956277955,364.81635213111485;
567.7634561258569,337.1463302281978;
761.2346630302004,225.3797403505267;
323.3992769060562,205.1562098486383;
830.036081565847,499.5521857478874;
13.822016506973224,199.23314458666422;
873.2742063027731,122.69202915865468;
380.6997686736779,230.55166772322372;
656.6982248525894,229.19467714968772;
255.52248135678101,361.9171901780098;
682.5658387777204,409.22792261349264;
822.3446660110808,20.31282273439377;
346.3750212063651,185.73078994602298;
947.6722723956676,342.0301707160856;
499.41327368312704,217.56164000601768;
148.49337888455838,63.01729288087237;
1000.8870769273967,39.49132611726945;
188.92910089483004,371.62582066202464;
759.8476890814405,226.11278126802858;
184.70165654892378,174.04367054550167;
563.8717090980113,195.8611321584675;
182.20370953471308,401.1077457445742;
254.25601487772042,241.60499753824303;
234.26829489518673,408.7150534918587;
829.8652360270762,48.435336922249206;
413.47282433113077,492.74086822563345;
125.06673562096937,38.571533868521236;
971.2264011589766,169.53245125392218;
554.1838116626177,143.84474505351162;
84.5051473103493,332.0359914109774;
498.28470905333177,481.0818707285765;
31.7804711649342,467.0758042657898;
270.35173009750645,225.20981956409008;
119.07691178095314,507.80140990752267;
693.8940641883711,111.74318146566807;
72.91897222254717,62.6170105220371;
725.4802377639783,429.95310750653067;
186.23642262036043,272.86078846359567;
614.614242097833,411.7435680524379;
890.5528035605149,139.35422430554206;
808.6472482443728,350.22752295509196;
115.31272998178021,100.86387962133973;
123.29673155118691,358.9168082501095;
636.4323628399114,391.590956008214;
797.2741746882408,117.9939620632503;
577.4313666044815,61.463120525403085;
905.8229496269105,26.072202205036355;
783.3297961625456,377.6678456311981;
923.1598907781271,488.53554244390375;
506.4260229306482,140.37530564984363;
316.22175906708435,246.5457336588759;
872.6626787174266,432.5686172677913;
721.852409879155,312.59096542759636;
20.045671729618235,307.5626075611843;
590.8961544578881,367.41174929060185;
818.7783190567108,484.95792950890905;
61.429262977924274,73.8414584855349;
283.8726201506463,289.9438863211191;
54.85835114358239,71.18666430904673;
772.4414818678465,200.95823267387135;
650.6281856479089,453.1854683143274;
420.25954443034993,174.78852525102556;
886.2982511676986,298.7770752966511;
190.31054178845218,16.30840695791335;
428.7585758480373,503.88496751594374;
961.3260092820806,484.70280639153907;
184.72659820687775,144.07668538738676;
366.3243408600635,455.12706971410194;
922.1954247931812,203.93553145269487;
557.7055640785035,283.15877034490507;
69.09534966329655,119.59170104212012;
253.93409168614622,90.17503267725156;
110.5819147682222,70.34909957700235;
254.97493684046123,47.177371744852195;
323.91306984640033,142.95339043267168;
452.1291615719343,170.81585243181036;
136.23508664563042,495.60105531030456;
427.77282552324914,54.8823801415495;
530.6736427127987,292.0189057771005;
477.7137634732238,204.0659945554557;
369.51645059201576,351.3166474706843;
269.8311265384759,232.62759785140307;
456.4360103369818,136.0411191311087;
200.93985289815063,123.17349829940126;
678.3180967283004,278.67485765387994;
672.6652752800345,334.3230554274947;
763.455694622765,366.2172011799669;
201.76755363116825,499.9916418139763;
703.2693845797135,62.46430206386088;
141.81064279645238,230.73536250820658;
823.7406986893031,48.18253028026242;
472.26080914792124,503.1748180686434;
727.2661785974458,254.20077972790182;
449.573521374097,449.6466812112078;
319.35232808091683,171.29316561171836;
839.3446540542142,142.28747825048382;
303.93083596415414,498.7909181833235;
938.714534985104,205.12664213848203;
940.7435405277078,179.51449831289779;
87.32550080763734,492.025848210992;
31.03350956109107,365.8204512251182;
669.4620712305826,154.56734868488513;
343.70339116176626,466.0945308750044;
632.2295680055661,396.0986965496864;
423.5626763726576,226.42804561943052;
808.3218334450306,10.743252378127057;
858.0114440319162,63.73245712371871;
881.2078746017517,436.2151209686587;
650.2990458116515,293.75057770275714;
437.53315437972293,14.389724579218823;
559.6200335432267,371.7257623832586;
478.21398648073585,168.27694669264724;
688.5206501502113,84.21928599820671;
456.5165335708854,306.8500978514126;
162.46065625205563,326.3027728149291;
625.6267755486091,386.892724427258;
76.64716080892563,350.9739493682591;
202.1240541173066,461.35080271481877;
353.54845032635205,165.44227677394278;
561.6650178745177,202.45072863498186;
725.8533769470367,137.4635019856824;
129.81548964021505,82.34361593590027;
996.0035715650257,359.90600674268853;
782.6172794439786,382.41046653017344;
448.01751823110925,448.7121002571975;
673.2838122313317,57.98505906327999;
222.33404633437124,287.0276218485482;
927.4433771513363,53.217695887467656;
136.13813356575653,43.381204743651196;
907.3217389787702,75.68041938207475;
263.5937455380588,405.603714764745;
297.31908363302983,431.56969602008706;
79.65708154256389,388.1273265408815;
273.1509913600892,242.0946002815827;
685.1377207685309,473.1337891145098;
986.8164585417082,233.9854302097688;
307.47805002276596,169.90082083954448;
639.1064872708391,224.79735662506394;
778.4323232753644,365.7161972324111;
543.9822358141162,15.660395146821873;
120.57705370489623,493.60333786971177;
785.674117037768,170.8238503373996;
140.82342374345723,438.5370536089114;
171.64984149924211,97.99201785372829;
285.851645113942,51.60494631334527;
785.7555219420138,319.58372301547655;
484.63807048141626,200.12215134011151;
233.20196223889366,505.4055828789743;
507.440954426534,447.39923290370444;
894.6607944932883,472.68674251821;
889.7329043139266,107.10169341894925;
1001.3368826359837,290.0170597963023;
954.0232871197146,434.59182873704486;
583.9112642914355,421.0899564362898;
314.6084738697524,75.82608006665237;
740.8041680610565,434.56739016397626;
930.9542144336021,298.5915069221376;
50.57788809048357,274.9698030261927;
732.288872146871,399.31552892867995;
675.5464727486548,386.8251121945667;
412.610257134036,403.4808718876116;
13.084616498223891,445.3870432213116;
689.7924887768529,505.35280569512173;
577.1561006265358,98.04161376808584;
229.54913595942747,273.95529291370366;
794.1105052410359,403.3586312153287;
649.2798454239686,204.55128763568436;
86.43514534738193,159.49028262163526;
363.25583204583455,78.21875362727431;
295.6163388779883,145.45428085206922;
464.34426232224826,495.8522298732959;
255.16539258171255,439.23186717396004;
635.1332224291677,191.16441559815806;
12.99423136072463,426.63008908854385;
961.1775780662041,10.1714270526329;
17.240160016255604,249.48176151285227;
604.1124825548612,229.4181437507529;
174.96975989359476,398.24370557977323;
863.4495494782567,39.69668339884007;
686.3666433644278,68.61599574782068;
132.56390980140708,201.60897946666617;
532.4285121658868,193.35155847940638;
477.56671297911123,402.1620912051591;
847.7948154597644,496.4142103918114;
417.8258739793861,174.85032756379653;
756.2900164891703,72.23016817592043;
615.3279157268892,388.0769302987332;
226.17013938476958,479.5222878918523;
254.20714238807219,428.5331827090766;
133.61330062211573,424.5272425786563;
978.8243389988445,152.45431596245817;
552.8884366470112,350.77903222136257;
126.22860181864137,27.021048992521827;
333.8496433321351,188.06546593167167;
808.6858286478575,440.81921715185416;
302.58963452473927,157.03684907556314;
1009.1281472180148,89.70885027525021;
141.8237630892345,168.16863684892752;
66.5519968847945,38.92079402201936;
33.05939746953345,48.95997104841864;
148.9919426856756,395.3122185542444;
289.1047266181734,507.7425580535742;
186.5400845083489,327.7579449531164;
228.02205617614723,455.06881481780744;
396.89300413004,248.79055952123767;
364.8886543098626,400.13499952224385;
496.9193159789217,300.48596848543735;
85.4324069064315,25.99860923427576;
771.0503394392035,38.72177873583337;
958.7080573817295,211.31553608530294;
705.7992549189282,279.7527691887826;
792.1960869877502,297.60353909228763;
176.74358061219652,77.56050094355692;
413.98886049138247,225.35806370520532;
309.93565754500327,205.78017617549472;
419.18176006769835,147.7055415397605;
856.6581246599404,392.76756468346844;
988.3501580008907,23.84410271686992;
782.991970988395,77.41145524467169;
952.2224749731299,489.2278998186818;
722.7215908049542,78.3027336336084;
583.0704594792816,153.53197748984297;
501.06665669532555,325.7258515403019;
135.88706566416997,56.96580451725391;
597.3308842910077,73.01666970352943;
529.680624586342,255.57343058258567;
487.8619229083393,18.287721645049153;
149.61371895884923,400.15037101249175;
917.78473922129,181.89607138046026;
525.8028765500399,149.1875936845704;
277.04221049414133,215.31084042723302;
538.8363484404322,365.0190767271608;
84.31952975602441,93.61467048780963;
321.8830087443746,126.90458679038763;
83.85743255850052,100.55410403282416;
70.58068595040633,212.47391616199172;
645.9454513876502,372.0682648564476;
273.80881369133647,506.0453413185647;
839.6781525194443,27.571658845769722;
635.5820919221845,471.6889905793749;
434.85147872859585,262.99231385435;
728.1516079872837,411.21647024592943;
622.8504426244593,49.236470500869814;
515.4363357939347,234.03055831395292;
70.83020645732361,242.8814690068986;
132.978793139194,343.1990683609615;
873.5689583954047,302.47031595914194;
252.73365804700475,322.7565353589041;
236.81595604245365,350.6932146433597;
335.4036139362193,312.4255982330797;
113.51295077047683,170.29749557391858;
319.9871055925821,206.7428087377704;
672.8389118959844,443.8023638040809;
733.2258745978388,321.7646114841324;
31.056820913900488,282.7845978904146;
651.5729101304056,167.43998836788364;
986.0261337452993,302.87496508901114;
325.5579228956817,186.24058271621485;
665.3351055479218,192.65075941064228;
759.4002633663806,230.334596928747;
264.9235885175961,502.14420252383616;
379.9601972027,200.92612156143753;
809.9509387495558,395.46384583800966;
415.16514619140366,384.34956623914167;
22.587052432306066,329.1906554508232;
59.715604758963636,479.8956740063773;
692.6182953626646,367.702846432556;
971.2831659019528,95.52278127624501;
50.4272697648772,314.58036151272023;
946.6903160745968,432.5265120617907;
50.40634541645471,197.92402961231753;
664.4876540720988,408.2826687977336;
987.3144798111144,320.5327033184189;
789.538450866532,211.41428730718224;
681.3204127675309,385.3377668279826;
154.75927919653986,381.3160439900865;
143.77123431119574,295.19006560831474;
446.5659270539303,88.22046424180651;
630.066509167591,399.3477809102159;
553.0228329202776,20.59706476159744;
651.1304515423076,108.78393759087672;
760.1182555093437,116.99345407408927;
92.58723645327548,340.01801589125523;
277.61987199030057,379.0875977057312;
942.8138172681806,417.71557957225;
684.74549899368,361.62722466022177;
838.618195105289,261.42022188565215;
908.6669048314335,98.94759262968444;
314.68277061258374,62.75925979507262;
23.038710894862525,219.56324752701704;
148.8534728406261,322.2093420249469;
573.7407294230824,272.12352669907904;
674.5229044937736,186.40465456685544;
702.3385408942318,214.02871917981662;
564.3939545933305,162.3192673682538;
85.91699027982557,297.9025954087689;
731.1377261469307,188.29900311681186;
202.08901229469367,109.48325336630653;
156.61054582342936,17.850710326352928;
560.8596675253044,163.26484256636758;
931.3830696590347,389.60813657698947;
974.2088903330504,39.9518885256313;
549.4908144373587,35.77261555172955;
64.20658031992775,220.78394516478005;
195.61919422001128,276.3020025874633;
727.5703552496541,231.48488789079718;
353.4338706210734,164.805698250581;
414.69444778468045,446.37264043297904;
490.5065648338925,38.428230006912635;
93.48216722888291,370.0580086482098;
800.679149813901,129.4014608401186;
269.75390070735506,373.23363276534457;
347.89460046961074,180.14830289201242;
1001.8924971508503,18.027317025334547;
431.6809458779823,135.09885694512997;
522.9530107016343,315.1399289974999;
528.002965111376,231.11864988932794;
398.5533557161133,489.10275248344465;
714.4639591687807,245.3706579216595;
166.4924991637825,89.77822674423606;
347.4158242185835,53.14055538060929;
104.75356015995273,22.678251629908765;
231.01125700773616,430.82923910865185;
825.0524570274058,482.8662992222021;
71.2532235517238,39.783585839794185;
341.88998354710486,181.85177275131502;
393.509657477872,392.33655817528364;
787.8886781945813,348.38571984962215;
1004.8930719797934,251.61539417685785;
772.1076217741133,369.02733889176466;
45.91880919326695,149.11806020453758;
952.5639887267707,85.88847437239643;
890.3778281313074,454.02055989343967;
320.7363740930271,117.15007775150958;
862.484367093361,447.96902846508925;
693.2828231223067,308.76176078793134;
941.1050545349274,40.726104777898165;
670.4737814905442,36.015629546564334;
97.68449163771153,44.1739915290018;
900.8461724193346,325.7571887842393;
393.6874905414929,40.384409084663666;
340.82509574252464,503.6619392576384;
518.3926081625525,12.83188620258934;
872.9788879367861,307.1058938910941;
873.6858797814812,223.67329079943525;
307.9334845288101,48.038567172837325;
738.8892101154524,24.603316105979147;
747.9980519735466,463.9275958253157;
299.1476607900638,122.51633743582052;
519.5915404600736,310.2453071767459;
887.5392607059566,372.35385052460236;
558.3105518808857,282.2213067265348;
454.2149214437048,364.99739758191566;
394.56751292548495,317.3506573899631;
24.5713201063431,68.66433922551145;
212.7282499766946,362.0140777245063;
408.3975208105539,249.11456340209946;
386.1428740279511,241.02130859994062;
764.3290591282306,489.4744172135842;
133.8686272843874,138.7520698962366;
422.7223822948202,211.66794306159892;
633.3501640815841,38.25780342354278;
565.3154630284906,248.8137139462706;
694.9104162901908,434.2460907125057;
758.7210349645848,96.58146486125207;
637.1862399185468,127.81113663243565;
960.2834087862115,197.94825637687245;
274.1542587565474,380.53058470031965;
951.9931763358858,189.82993415149346;
54.51588014838026,360.8639333126697;
191.02935874039815,434.58744323368194;
238.97156619191583,219.30537581357405;
395.9814082241805,504.13708676468144;
52.4466423151526,174.77550794167777;
901.7114289740614,436.13935236211233;
698.3299962339604,19.099569249936543;
643.4502575916397,140.6629835635429;
690.029840052996,463.90858451118567;
790.3134756041167,165.0911376987989;
41.69078659095592,405.3045530961365;
91.81162199852044,86.90605451185434;
182.8221939572555,377.3721729662594;
641.4775578720672,194.42015205104033;
207.72226913086456,334.1761541688798;
820.8473521780863,194.45542672873378;
718.204167625998,18.828936393332434;
211.2594276898484,295.117524228478;
390.58419187983037,336.7684185051479;
655.8549985455704,179.2728704256055;
161.24242580755265,101.9741476029709;
594.0835613657931,264.70447720971083;
367.8378439254336,207.232500159866;
481.09324634203165,302.09517607305577;
417.9763442195845,446.0378449689752;
994.8022700743209,211.6304043077798;
90.37973489286487,47.3466325862466;
580.9410836589182,80.63960872195324;
621.6207339002111,465.5152876511418;
827.4410299769207,478.71199221052836;
957.371078463314,334.70928776361256;
890.1341191683894,373.55907271515946;
225.8841667420216,498.09914298183503;
160.7829899780898,80.11629141223119;
218.19217533670064,278.22232582313075;
985.3715420680952,254.69783836799587;
804.6291147428127,210.34076464089262;
347.34196225451774,253.53411625518413;
883.6893246703862,315.73382934960574;
393.89650430225765,494.5943469045815;
165.82052256170232,166.7310380518124;
38.93281105306977,502.516356917111;
521.749797188496,461.5815003064812;
847.9785694688171,415.36018697093976;
518.7473628832101,76.12463038045907;
879.4680339991409,51.10042891325405;
81.95012493519692,71.7321133169217;
548.2649393231902,224.7346709253969;
138.09547801407328,38.765006052591076;
392.4658690185754,497.65411973115556;
266.3042281433494,373.51626239422524;
54.39582945340326,466.8291188619599;
224.6555420248668,290.35052770693403;
353.5320441844029,432.69079036825696;
808.0468989530698,263.5911463000881;
204.61140337089222,114.45997121914274;
173.42164909308588,474.28474076179873;
863.2126725084315,334.78011179081557;
160.51382682537783,310.6357763277563;
478.06655689425935,479.56528242823276;
735.1303763605285,27.51267771497278;
12.240408798613203,170.86120035046793;
642.335760627904,98.02472942795015;
213.8421765389784,447.45604975442654;
994.9399538869434,146.69564597212823;
90.94195010893846,157.91538000138254;
462.53715819454897,102.80811885661794;
628.0725681550972,103.61324042377788;
125.22689431129585,38.56131976161075;
104.74973666945941,46.275232917436064;
59.543147525262455,278.31569620714527;
292.2948521815656,262.31823641427025;
203.7471979948482,235.40574938995357;
484.60650687473714,480.7712257422768;
562.224703375574,429.9165426777065;
161.86761261850256,111.87373887338153;
67.52863365978622,123.6628455992702;
250.68513731531982,49.31803978430898;
231.88761693259974,369.42051834397836;
554.2788365829418,252.5369260044427;
23.10089434939721,412.3545128194203;
730.7930368714834,336.5684905151123;
251.93840723472738,420.7612963448729;
775.3563599143176,357.4997127712676;
128.4059754026594,126.44138625571682;
35.36278472376108,48.38688377596938;
650.5972198266849,491.8754756688947;
959.04436525796,169.37165986489842;
693.2824210212808,181.75013330988708;
730.7091496905068,348.49115690449753;
242.44321407862134,273.1505749673963;
393.7354183459285,403.6231500431722;
475.94764068781444,478.40275847018336;
495.2600684192506,98.41652270388339;
601.0786123611695,27.922705334038614;
698.704654181199,162.76250544624298;
338.23590642743727,122.2148306082405;
292.6877827483673,427.38625292398604;
630.3090725219972,304.5742666604735;
49.00421951484279,429.28258022161754;
212.39471444801248,182.96771940533074;
964.299104966047,96.74545566453762;
956.786138453362,73.0398983899802;
757.2073324320074,352.1403280045037;
165.00207185371718,420.7223152082741;
717.1444068859123,389.8353920324547;
868.5591577915791,104.47831757311015;
314.83116053543523,196.71404531892222;
644.7776923313367,303.3426721239781;
927.5372436828878,294.1504500243509;
221.25832473849837,86.3127731487302;
319.8081906768388,412.3827763086304;
474.82067315760924,368.45552335223124;
506.4960156122702,456.23967808681414;
185.62869375806923,403.8076235813151;
771.1123660537896,106.20504372144312;
941.2766646906057,155.2023245082375;
209.68326702427342,294.7312367033592;
571.6688815337416,57.8860378230192;
589.915962715993,127.7277084963247;
355.2655825425822,29.531856421981185;
196.9193999868395,320.12508889612377;
352.23471577066135,474.18581258545356;
383.44337130321094,433.61548420061644;
113.07281049706873,492.017100649384;
425.5381724738415,361.65631264273986;
669.7566315828889,479.62947485177943;
736.8758785283193,407.00116699197787;
287.60074808969335,252.38572442804195;
147.1174486340001,200.74618148921996;
161.2929304161359,391.4469064832237;
673.214319837903,33.63567140962347;
740.1451931127214,135.21539548168488;
852.8595745804683,410.2877236974348;
23.090785398654603,38.50420737266024;
573.5850601591196,89.95953119014226;
883.1723491378551,413.04267561463615;
358.2100411666844,242.9562822894391;
780.2977107757157,265.48565494331;
137.0133492509592,476.40659826097766;
674.94676889669,346.21315405494295;
162.55880429831993,228.17907844243334;
432.19521118743097,168.52644285818403;
47.02670414153397,321.15368681958887;
26.709150336503665,330.0029757866576;
561.2328844510467,26.890504437494513;
53.79292417658964,429.85177860937256;
443.45714775006826,342.7891451809975;
466.82834917680304,128.18627772324098;
716.853096313709,53.94323669751593;
981.2667650026493,97.61036702730246;
954.5451807095615,179.7576147910992;
736.2057554510396,56.686663658842164;
721.6125593690425,283.42235432576524;
623.8487050266084,343.8916329376158;
208.805287536588,500.5705166480122;
635.4345561306831,94.54550700604769;
807.624353519585,103.90806524582018;
317.83749380883387,398.43874543800484;
622.5224992404632,215.4228955491792;
426.39301672859995,449.56264021981366;
313.98037362503794,324.51116663228754;
89.89371710630078,268.2369634729948;
408.28474741881723,333.90412431953865;
834.2476775779203,192.7311217879669;
317.04860783223376,446.71797821116013;
699.2205028565922,466.90186904337946;
160.51543775239585,126.50355462201722;
105.50284936891696,229.1946017677011;
267.7888440316365,19.120996966699213;
561.7175077220375,90.99382354742107;
10.266015422722422,478.67725924248987;
193.08714912801094,278.3778241165992;
923.1096682580487,509.72442300343613;
975.3057593491368,105.89069780296533;
581.0581814719682,285.929081875003;
79.65623744278993,128.5079657773095;
634.1519977055219,473.54749400602253;
171.47025686830452,255.37228792691386;
538.0252100697447,478.15431612091794;
963.1141711110639,274.1399612272224;
110.02407673549907,239.0115546451984;
812.283684440944,389.7673623787054;
430.86538145874675,72.1724805351187;
815.3911966776136,228.4359305485961;
590.4029648555565,372.35139978955937;
734.0486493693118,490.7043578685721;
29.196275906198323,424.750167345063;
778.049564093329,280.68353740125707;
685.8418059390041,262.9947918980466;
825.2884377328304,348.06299610653133;
120.6461734894999,26.18766588674586;
501.67030505361697,258.9337020064685;
861.6087067026691,219.82600945305703;
841.6876125353039,62.1335982148165;
50.07237962809573,283.7863334014582;
275.24897778001434,328.8623785919269;
262.9978508228561,308.5703475191705;
855.2914699183683,124.40160511523523;
809.5905224037881,230.75138331074857;
669.2218689793094,314.5581922673145;
936.9042887400216,285.9767121605255;
512.9088963710307,66.89116149612994;
125.35543649797076,365.62519766383747;
409.632896016906,257.0760402921339;
551.763929964,139.158317265525;
79.53202694145943,36.29439681735146;
357.20391056104626,342.2548431778795;
320.00026032981697,300.44166988410694;
114.37662698991923,344.34226970786364;
203.20352186756318,107.57463596297444;
985.396647041831,288.31583704668725;
21.27723784075063,171.3837965319038;
421.11124982629235,192.73432798486468;
714.3532414351682,337.0966511166846;
454.19699766672005,429.4037969216352;
873.3921202407872,254.52036741305284;
85.93962673873611,222.2779453138553;
705.9393485103813,124.01184959311084;
428.8661786513552,81.06166709201689;
97.03991013233858,320.0593271638844;
525.4887709759882,19.348255225874567;
12.622323723489695,205.5283780613241;
299.6767780964914,390.67030008426786;
137.62617767697816,96.73638081678669;
726.8180428465599,233.07609566662185;
678.778370155669,145.25840934065448;
523.5756307205745,50.28404722393491;
168.80597208274406,97.8107154117273;
528.8628298604281,329.8429895513883;
725.66714245405,138.15501912919925;
683.1715571079562,36.46006605724416;
854.4560954563549,227.1423623749551;
861.2092757350364,107.72333765564323;
459.8535433691966,274.6799073283631;
677.1535523580279,40.20106248676857;
998.0931014543045,492.59608005051405;
437.4313464092636,55.74912847233681;
916.4745468223815,392.6933867952644;
981.1966990672166,43.535060242628646;
341.5918867845024,471.80866491015195;
182.46531127166776,333.5559027490113;
285.91074898847535,138.42581229559553;
574.6780759947219,192.06239379276846;
808.607902646979,117.06419366883507;
353.3222066110939,432.3274042951707;
162.9352958646505,28.693593143867872;
322.2338885481385,407.70991450458854;
13.485929892328542,216.70597777299037;
99.8942142137541,364.6053822405548;
435.9572935243555,118.51346469527789;
332.5175571327873,97.9661117081656;
111.45103893722218,411.8623363246325;
775.859349945382,10.987285227788737;
169.93435468125006,368.32453169085574;
284.60703462305224,403.9176861680228;
120.34384893264604,156.40369854713674;
618.2543105673856,103.94182547814106;
719.5256301236657,237.87529568907317;
746.9005735127319,340.7106965453777;
122.76760330078429,407.3108144930865;
89.05833268231976,444.955818990036;
832.9807167999476,313.46876528665234;
150.13010602694442,125.26562257749967;
502.98584706862215,482.4650170595297;
328.238245727546,224.3466752419244;
301.38535842556047,466.6419883561596;
619.3711661739502,39.34420022572348;
803.5281822118308,238.65158733892872;
632.3492867317084,393.9586229493039;
454.2391910851099,433.1252298082688;
473.63687689012033,373.44136398551973;
229.73127296470852,57.01571404722832;
451.5105664542006,261.19942095331623;
651.8767449912873,137.57350028201796;
159.47082912110432,424.02405655370296;
604.0321832102032,328.73043586596873;
793.1999587555026,19.05521634465739;
831.6202954625873,172.22007574464442;
309.79217627831076,145.38451676486358;
525.8126097589812,383.1703815441733;
477.55976611513125,316.6558320084924;
883.543596442258,31.381199056430432;
872.5618455858704,293.71322863266715;
369.9014460261901,129.31298068876018;
523.598052276885,167.4108456319876;
690.3468165001065,262.7640393095668;
393.9670780069315,33.05199377719275;
680.1036437137485,238.29328649800263;
247.5819596740152,228.72229127704324;
114.8722545181796,149.94021063991303;
846.8476153205638,265.5151090540702;
537.61156230968,129.62889949609806;
997.879529024767,195.7883396138345;
29.627595043802735,278.50437874313974;
27.260589850065287,22.408743736241014;
145.95297545001128,346.1402664033952;
763.6173411702782,444.57495412848294;
903.3623155649632,475.8430827120986;
720.2520227581517,329.88285555089743;
592.3279196254662,186.52202656271172;
43.2796429157507,348.0286372596841;
376.85156147486407,68.72108900675983;
756.2711722497401,465.29160850590864;
384.3640325568931,417.7946782110347;
69.39208510579198,134.25853058117548;
136.27200818896313,239.06773867755336;
587.6263404626833,258.7092033303379;
15.225449350126476,192.68655819747315;
895.4924903454221,349.63101551898677;
665.2908730469525,179.40427076378543;
135.680801582707,31.140683588568578;
127.90077731046078,120.14598603269098;
570.7007780076834,192.25392973409632;
319.32629142256906,287.10810023571287;
44.36793208896438,48.31119637630403;
133.4919672727649,189.2270023440849;
226.41841116705064,346.224946799025;
995.4187847473011,221.11608994489944;
979.8026763269377,413.8863698473212;
570.9979469538249,16.24874932193842;
983.3607715810066,187.2778038531719;
824.6474416499361,219.59295829516216;
735.1594217614233,72.62304881662467;
488.72560388708763,143.91165987007702;
435.97614528971616,223.68458548576837;
844.6856539490384,115.54354681338785;
509.4965995512173,317.19343494118954;
68.12771128769933,490.7418834308817;
582.6886574159412,269.8868322555503;
242.81929813221615,244.04263274913794;
625.4092812159573,22.130160975326376;
862.1955289734711,55.96261180127231;
948.0649679855217,436.1824267481038;
410.2113354547903,505.0386784348102;
128.5049515729728,98.36813156321693;
766.0784063960416,492.444067498568;
210.94323352299338,439.33976986169694;
922.3266568920974,29.281804636619825;
800.670002732436,144.72369861692164;
188.77836862563333,382.625149638704;
963.6356741450868,359.14704541989136;
480.48604418667895,375.96485319104346;
550.5136086911815,121.13225608146054;
66.06541636664474,12.537207737189018;
180.8466824844811,269.4121028936485;
822.0740087798888,95.45229641614371;
1009.5773796168094,239.90533367213868;
949.3432965407947,425.97576081236105;
332.2333096084824,325.2682049861108;
958.2917876766018,218.1948188106182;
668.5473095686228,98.69293309851372;
344.7225157252242,210.75820653071014;
574.5964758367493,40.42189350743696;
124.33779378185594,111.39282840682546;
358.06320575386343,344.9451462287529;
324.551962647209,180.08032421482127;
901.9857605016329,220.35095836141542;
215.55332387652015,79.33354551213627;
565.0423145175902,102.46433237857899;
926.9260317620748,212.63179137685017;
679.6319422277879,466.7061048494856;
205.64503038213022,396.63054990403725;
449.51184861786396,492.24573454057827;
602.9113783928764,33.19261069659795;
867.3539822560086,493.09790810187883;
284.67710402513546,340.60749637918906;
840.8289431376401,494.8284849925272;
342.585805357153,257.35583415176166;
463.67839099914573,358.31508238591874;
988.9231968978933,122.58256441440912;
760.7062846773741,191.269437412514;
109.66087654338051,438.96083004815733;
800.8070718787089,34.26239920864853;
259.2285853847576,226.05869120581562;
779.3583855584054,189.287729458799;
960.4894041786353,253.8624946606332;
12.65274417509842,372.5756015593028;
547.015417086863,199.85058181627866;
401.28648216988506,92.36061620200714;
451.9465370347538,157.28234133301248;
539.3937695667003,280.50939924781994;
31.81665917859432,37.84850571447362;
680.8739796899845,15.31753486130354;
332.59604368114526,318.73040451887044;
790.161022894669,363.9407595652237;
820.6061974988787,99.91327930210008;
127.34624697194751,508.48024830386476;
212.8633135202319,53.578049576296685;
435.66690052259247,157.1027186791153;
850.1584969519998,194.16551902673595;
595.2084269141554,341.55470824502703;
225.62175370234073,76.97824733510022;
705.2784837341243,185.90603705386326;
401.7436660442091,88.63820162409668;
920.1708780028863,22.23047266845956;
224.56966695530377,103.42817254559044;
256.64777977574795,207.73909402164847;
878.5825650178557,503.2718173206109;
41.4819383636642,209.3088438477863;
615.3168107155202,442.3593632086549;
896.0622664107303,356.94153833322923;
435.2335885736745,372.6187573629207;
1001.5586860018045,430.1411983249672;
330.73142890088025,167.61700491780854;
775.8023400111954,327.1694821349533;
423.7661964067383,329.3678392255395;
269.9761628520597,401.8721582795103;
356.205833053829,352.48681568454714;
179.88135562529905,238.96578521606597;
120.66978263113091,131.1371151787971;
518.7194717550681,375.44591899520026;
518.9708301819945,181.5649218275711;
592.8780359079163,207.76365687807228;
608.4927905238666,67.83809674114204;
903.8982884162194,477.4514471465446;
162.3168329040897,244.33026395220574;
858.2985548955307,293.87662153918745;
979.4220276999054,463.6925362834078;
127.123732465387,196.31494674281313;
342.9537457807484,260.22935080094106;
229.63308535854975,421.6050593645048;
1003.0794476210135,91.74618596710815;
247.90329420848465,116.60933856285016;
428.761580716319,220.23763570889543;
670.9403332433985,332.44542567716144;
381.4594579009935,354.58826128104556;
497.36950871547566,241.7754843511103;
784.9606942693392,85.82145851758865;
549.1793235998858,343.1686246182637;
398.5696560070806,220.78396322541138;
40.36266418307099,476.88732711947193;
998.4977436518922,255.61751802289612;
837.0239257056493,261.78240554018754;
114.08087860746129,143.9099634825444;
916.910972411956,202.34704702259214;
307.0880182003134,421.5341412917156;
445.8345600842194,474.4177986591091;
981.163882399539,374.9535313026258;
217.7339778382209,253.43313941441437;
765.0764540935022,341.96200820258156;
695.6766048899817,179.20689623780044;
306.6712333001993,307.6940064846561;
776.3968927323547,187.19240145404058;
847.4537953149649,270.3396883398198;
927.7683637286528,67.7938726036517;
51.93099646348808,500.94814312646884;
791.2368247220365,375.32997215878186;
538.9708553656387,116.52563611407878;
996.7656061296825,435.478176272156;
227.10713326458253,38.665331622666486;
169.29695232230833,53.54011451319173;
814.4688577096,109.958509060732;
970.2102162016837,309.9546913740479;
772.4411038710203,465.35875950711835;
210.68861462577715,433.45389578658774;
647.5003440923093,285.8378297765467;
652.5113577316539,509.5407846479282;
220.1367857926526,321.33526299401274;
993.0978019165796,475.9713937888327;
886.0209930509021,393.95674498100004;
16.50416910913676,321.40564928531;
103.20924331408852,173.76972960773918;
194.07867723680903,173.41444995481402;
249.87027524180814,308.27559707389906;
653.0505118481112,348.70220469580516;
360.61772168207597,373.42068727117703;
675.5490384291654,448.8368594540917;
310.44440587299096,400.5669481189542;
935.7952545429522,83.26065889812334;
511.4566344593778,214.33440034360817;
334.23378626566233,209.47851265269574;
533.3033414581845,98.20126661600725;
745.4882613979283,155.84176638435625;
411.196846806217,220.12524653475185;
296.8580138956477,229.76342282839934;
185.51213101657493,295.57266957709317;
909.4881507294978,179.9212000644177;
688.4955367151399,217.3832149398278;
691.7791797759265,56.20883008445137;
198.53329933838648,429.2708358327502;
98.76247187263242,389.30280197879006;
133.06907928501965,293.3391521691981;
959.5187085181474,209.19067216388086;
396.1830394398359,400.83069919680344;
320.3757417728572,401.40744830403503;
240.65622706268053,219.2502475485405;
818.443921472191,60.447812727813066;
665.7633889077749,147.83676356045405;
166.37434826258013,23.99388848814115;
380.9554711977767,489.1225571071865;
684.1168941544058,408.40108121795197;
28.222141753946875,233.49972534303552;
497.7571406831155,103.73779269444776;
653.104089447361,324.2258677673985;
811.1548989944681,236.85881567826766;
395.97064891695874,422.16504125664073;
982.5121689564296,89.02205695650244;
457.8207678563747,102.45419156721219;
698.752324772166,322.0647444190085;
505.4014874636232,502.592085362459;
954.1572349555349,441.6493649525817;
691.5641415006817,185.24396632522675;
850.4879330041609,204.74606544366335;
117.29659268962033,504.3912854754172;
382.63540985913846,164.62607878678918;
677.3668629367421,370.4276655872722;
123.89610051027921,253.81872061043174;
34.972537891027045,160.42877417763594;
656.4362213575249,476.9386336958342;
914.5233281727836,438.8635753834828;
999.2855844515736,322.44724635723134;
817.6276793800234,315.9598035117058;
215.31435081360237,139.39089145505116;
649.882876244171,164.53027814866581;
72.68902018458334,145.84265505646815;
129.67295911274346,171.2358762867746;
886.7693046903249,339.3063792400701;
704.1049990876311,260.9767130473002;
575.7106263057573,262.67976779908383;
537.5082756841932,418.74054109090014;
903.1036096321245,69.51346304215454;
232.7182408144337,91.71151193536497;
142.37673830207476,416.2492551029525;
405.8270334847476,162.85822058552785;
773.9799830237871,220.29749470590002;
993.3394093129309,246.12807828942957;
936.0562173900208,456.00297963081726;
598.9198174960467,261.2488761236238;
516.776648945895,454.50962390240375;
183.67753580333556,305.47367012847815;
998.3212060766004,373.8965285475815;
502.4907892353256,481.9646463598489;
262.29382736319974,340.4233333766146;
811.0873622503315,57.487278545365996;
816.2702943329401,312.39513598009734;
517.6664897520427,262.0150622884503;
829.735929817443,66.6817730508483;
713.6355951231094,272.35983292188183;
583.8044551230257,54.855185879827616;
191.37803720303737,235.23308760406053;
271.4864796156432,165.44465458922485;
461.88259434641486,286.0207440471165;
405.0550637443382,133.99478326978618;
341.5892959770984,397.09977503967923;
955.2055080878782,469.2355010052703;
703.3607153348131,103.00277407851243;
984.600588550252,279.7914967513032;
919.6000886092137,243.32811609829574;
981.0216879155735,186.43244814034043;
15.294612595030612,390.6536026587921;
990.3143799936935,312.5968318595891;
408.89867011813817,220.44013822366725;
918.6546774378102,161.512640545601;
152.33862658821783,156.2531549813781;
407.23250816278033,387.08354843638466;
32.535389338373406,296.6573733528957;
187.13027912513013,253.19557608616765;
524.51500436483,27.41580045901553;
78.6955261889407,310.3747456384775;
963.1417263418477,333.21953584749303;
918.4025542001285,427.5939121645483;
331.7118536777457,491.4412981616038;
38.51108113999523,508.3839643998494;
774.8465403974775,258.11823276596283;
714.0401076722385,213.96872352427658;
482.8882765881742,479.8587576581785;
211.2174986069324,129.07408969459578;
691.2682329309611,99.65630470503255;
731.2978491502438,53.47717372860799;
18.196966326350143,81.41922384507626;
195.45070821541597,452.07560381427174;
626.4972457360609,84.0521145186297;
271.1595149558458,174.8855788274291;
855.019633371105,338.05084041821783;
779.1786362305819,60.112278463965374;
527.5432141836496,150.66764230857243;
23.536384211390807,508.8986010500804;
777.7732612454909,25.636634383067396;
403.28959482532497,234.52727918905762;
533.1039620991481,13.456950303773688;
476.337035878015,46.53581134980255;
325.16108528075006,357.3512503882829;
137.48541131894495,479.54104813664134;
667.4862052002666,225.38057312975084;
619.9766679227406,501.78742245705274;
400.6887818147691,49.36573942815019;
607.23030740231,204.97830876437;
362.5136382224671,390.3668947362341;
456.8086835922299,33.474482207743954;
430.2982350943615,415.1778729628187;
740.993056705145,505.2617320743927;
250.2372752186276,377.14637544488136;
478.842021642726,31.5349947516274;
671.4099769309494,449.23672445906897;
285.17002521780563,285.9128809102129;
905.4222070082952,67.4265738721258;
108.99256194675854,90.9190427420315;
945.3228072984346,26.91091335169309;
876.0946527836722,23.654544951517742;
275.4467572538235,221.2855225121403;
