[Boundary Facets];

[All Points];
721.7327319375011,226.84020261240406;
320.7122530258055,78.08830090653667;
973.8283359217692,58.11171508939671;
548.1075627440617,167.32374729795995;
992.6476692983133,237.5436342539379;
481.16527929380635,46.477718424060335;
200.9598583361416,296.29608061904116;
499.7103010920668,234.55962997908767;
235.2320367653242,41.29902842052651;
453.75407152072387,170.60143015979577;
63.84668063100495,161.85623407568798;
168.09472216590203,152.8428057268426;
538.2737495007771,214.7603125505425;
631.3977736451264,439.3406081350621;
523.578710455536,164.41376325368284;
630.7424327972367,273.1787440062236;
559.0735898289354,419.20862080639165;
592.1117688274451,293.24193561567347;
144.28892308395024,41.89904118374531;
206.992797385365,438.80880815267966;
839.3718754733577,192.22551090299032;
422.6287847421847,102.46141785335377;
434.522303575208,323.1877229676939;
509.24506888677223,297.20382041821205;
275.1251711766197,183.17521094281224;
545.0379104478076,492.4434186691536;
88.96943206005547,336.36354216060494;
395.86270583933145,355.2697850085096;
476.20209942866006,386.83609237108703;
69.94534037437171,506.0392947175734;
629.3374163913325,269.2928296858671;
672.7207394859583,401.7329344673911;
312.52367119858593,430.4060969841216;
12.043025756692574,110.87540889141755;
211.83795070766342,467.80395680871965;
104.39427876959915,471.3111219360605;
893.3979815736666,169.91754887831584;
525.688250190404,461.68218993960545;
724.7378247279474,81.07689558515379;
968.8594776832542,404.7975596830775;
987.977001212018,273.21012709298617;
219.812841963528,269.669376911663;
475.40410994969096,299.9813621022465;
294.5499320147997,453.81891958551614;
430.6252502232668,155.34177562998545;
429.61861825076096,68.45295709221892;
195.29827239780028,34.98806065237386;
529.2322773623131,113.93383124748762;
375.0786870519347,100.01268747224096;
188.20582790685646,45.56156661191956;
891.005788317098,502.594946102347;
419.6311814945608,272.93179345919305;
362.8531113215823,188.27415104707316;
754.9331804967314,209.78022954492369;
182.9960886143951,337.97421826196313;
408.7272471453027,467.8673324886288;
735.1943458857512,153.58608332310362;
794.9180916711111,91.84621753007771;
240.31058291663487,178.6730956157273;
485.15357535109626,408.35915104698927;
601.2966262888541,173.62715929403754;
703.9645365760433,57.135947868990336;
975.9522216940276,375.3025317758695;
408.45425566381255,486.1753459716045;
177.77106639565963,497.97605483944125;
377.172767891467,445.08075616734595;
882.8270514287977,288.8745906235907;
821.6226690195554,351.4528403690617;
120.06487232419737,150.30635792154044;
470.5253989489141,282.86357798679575;
702.4891255959313,474.29588895907796;
74.79165761889116,381.05016199280755;
864.0338898900478,352.6616301738287;
667.5849351483821,199.9206350587895;
434.03164561747974,402.96776988681734;
523.4493049178146,99.9671079557624;
677.3272179811568,212.713612622255;
315.06562131505024,164.54772366524654;
468.29743056560943,247.60516879844567;
340.09264269747973,284.6383672502571;
158.88842108640134,143.81580397276966;
576.5870314071585,341.53910031313336;
655.7327122739632,256.77797828492544;
291.57375441577926,281.2242241164895;
787.2199556187363,285.73570040307635;
147.17736622886488,100.48985068359816;
722.8040966650782,308.09676973784923;
833.3643110688638,305.3422960764738;
945.2806030292272,461.7243363175124;
39.66590369302258,170.02941363455014;
447.94387192493434,335.3410430133353;
608.4314718807523,23.41310234975185;
812.8766883386529,17.067382577327585;
160.92413776889035,65.49083702117764;
319.06780535540554,157.0807279606846;
589.0998199041055,416.3645396957209;
437.14923681866736,197.2744066189963;
23.133955053001635,81.66274044042531;
147.19865813299182,326.71245491671397;
539.5561366286606,101.73620621620732;
195.07583767954762,127.9909802541304;
571.4687035873042,415.7560529065798;
394.20761832750725,330.45735023643715;
769.2686025688124,452.9365176374614;
232.92541652807697,338.0662118611463;
23.11747139908026,164.31484123742013;
480.1224517221709,415.5530981244172;
243.1659048378475,68.63940898627862;
304.1536087926936,376.73503450983463;
359.26886658465605,421.68443104118904;
933.8703912672302,214.8818240476144;
349.3368833197035,223.6544044815416;
590.7363202308076,269.56351718353346;
375.23030863325056,375.4463828552665;
812.0914301679671,104.12964492218012;
801.1123436859143,496.40522860824876;
714.5322135558532,36.99403002940804;
690.7353895957825,483.40679067318445;
499.4103660532153,75.94179390135263;
35.85664710083957,257.7755070561675;
282.3696894056794,233.59700183992243;
450.9852809326313,30.115729607226406;
263.31303813115517,406.3280391453236;
212.26047258987757,73.1455914014008;
950.0374228702832,205.42061693280183;
277.7296212746635,445.41629859475034;
966.5515690545199,411.74214401615507;
255.96920608649552,368.4800413132371;
851.5902331043876,97.86832818016505;
405.39879743863185,343.63714396644366;
922.1130496913934,155.96488012202246;
580.5629993214056,411.01534394159984;
974.9718138179946,182.80805588660127;
65.44027700508548,296.872408361754;
581.4741300137941,442.10515513396297;
293.18499207677064,70.14257551651414;
962.4208390266707,259.31501146805454;
729.9321777984925,11.176883889628112;
345.97945657202246,373.500187024201;
929.631416258465,247.45371501648432;
845.4651224172225,329.58533167762823;
444.88473804124703,471.56811664923447;
639.0869932101523,83.02805583347183;
333.0842536309626,162.76657270343884;
622.9191437842843,35.187303686714735;
603.0899886957751,465.82019723655145;
652.9804881255099,128.5333149918809;
862.0618307937332,398.59159286272717;
1009.9371479285179,30.61493742316828;
130.64158397976888,18.128698945211397;
942.5247353807516,343.2316347167463;
226.8963983462332,42.46377747113522;
548.7641183423347,53.086223942097824;
514.1193746398882,46.41266873593907;
734.408582417162,326.5576044844587;
797.1094012938305,82.08485297268369;
113.1337629220579,241.6809716671981;
124.00124501743036,235.124298831843;
433.18599686260774,321.8283573125806;
954.450663266785,475.2918371201132;
198.08232905204346,170.1181308205274;
84.63247110976567,14.813904063267705;
470.7984908712848,387.0082485195756;
585.5142831334488,61.19568358394516;
839.6707763522008,198.1616755984834;
205.35765703887574,13.194939487853542;
212.17302967240835,282.4121561105444;
386.48386337666886,117.98027561939088;
385.931400401884,33.887054587195806;
203.5386228151722,78.17236022656442;
803.2781866017226,299.1897943774479;
153.7288502466685,143.26609939297617;
360.39158773699444,114.21634266166674;
346.0964416258824,117.11670478141433;
919.2561097262674,17.754391499770197;
336.3215097870112,423.55229666584637;
477.92559241083444,103.33966852992926;
808.8877294284027,283.5826657381699;
696.2350359009771,378.31244993087154;
350.89914713643844,405.72413675926293;
459.63705087958607,279.85804318935305;
428.4122145288772,459.5415471929914;
761.3032921129247,467.0881992112618;
797.8856407367263,166.41653429863644;
618.4270006773617,424.6186809798952;
53.043668824266135,480.693694943576;
679.3738649342313,353.9314273461257;
503.38055128871605,104.1929589690666;
496.6515549222684,231.3066069822845;
170.58352793992236,33.86241885325868;
387.8751994737687,128.20955001097056;
533.2484955390422,288.61840210548144;
792.3241997133512,263.4394090305417;
515.6432355006291,332.01262617088355;
117.51969371439152,24.00247453970099;
448.9072711364014,16.17875656941763;
278.8074154644499,17.786667229675857;
683.610065667021,254.83347231177166;
178.90207191463637,112.64124984714806;
531.0636256305091,336.64012073026146;
592.555163791527,440.5365641000662;
630.4424854136155,472.1457848036755;
152.14746909514776,155.05279759236635;
591.6963766197223,91.7937180700955;
281.6423378340862,248.7813271668552;
188.30170566411118,429.0893484609589;
937.5417986399574,316.519469432553;
730.6158854227317,36.51471237076719;
305.9723752369122,201.3689951335289;
948.8082252936493,307.50401473166454;
195.86788227394902,351.3970206840534;
229.95631474290434,124.12328752748068;
331.4368726887141,83.41995685814362;
365.89446171728247,50.84559238432445;
256.7627485958863,391.12863041758993;
468.92216973583663,443.5686204368557;
30.788736628269522,135.22087944862682;
959.9423947302158,33.27291409570231;
142.14545088625508,81.07959324126057;
313.03889218995437,383.41330598076644;
300.1603367165407,394.6157660582348;
49.33550211536196,225.30411930244975;
92.33593317628096,93.52813802968706;
376.0660881610539,490.09716928483056;
407.29241852063825,213.56538051957673;
835.4822881943834,126.41553915559227;
345.9895784376459,407.32035339769095;
141.84651696845117,280.96749884477305;
704.6838302131101,33.43011367276371;
15.054473563578355,73.93088007086561;
435.5149590246787,459.451264106328;
165.75897260974747,353.94971056955677;
787.9192041658595,457.8795805605973;
963.9239452363304,236.35876833094454;
886.780071052328,289.4468016598687;
851.0527224967634,284.6884656506124;
267.0647079912539,502.81695649648293;
757.6465428618021,475.84859690188017;
836.0735340854167,159.41518285062483;
105.1535450591312,66.93941498164878;
709.1574864979528,475.57747474925065;
178.35315362027615,105.15338744979474;
864.2499665461773,107.97871725590952;
435.133736337255,150.64078113524263;
346.3258625888184,248.37933491151892;
921.418588575442,402.3601200053313;
377.5248445059028,153.19314102240244;
42.529048782770296,162.94417976385176;
787.6947917556831,277.7995229044836;
190.9779568715094,12.62167229915189;
731.8964137290367,235.05653251063612;
412.38445690329985,377.67744486227235;
909.0612028957578,509.7274631313928;
127.50327410933859,41.81299364311319;
205.9181853269345,368.7449437384888;
933.1730988373807,448.1522575074909;
479.1010510764311,211.86998856424358;
771.9133728764522,273.47884672211086;
397.85194079056885,43.70445808347705;
472.38270852341503,366.1079314664722;
532.5191770801619,177.37664316908484;
782.4474028940472,360.8540905936511;
609.6303012432711,494.01480742452816;
785.5293376198371,448.85088729499677;
593.1831694590339,446.6394065886088;
148.02551065780145,446.37952692263525;
941.3023246250119,182.78043094909467;
977.2921344942664,50.63671160977095;
78.17817720752473,479.0237950389609;
119.0561760776384,253.92524875225956;
127.69677169335657,481.0786536306672;
552.0813999764881,43.64728077835105;
765.9909454307144,273.50611382215726;
375.4541586543035,376.74246246971495;
201.41952807157946,132.22128439376777;
497.50204599070304,306.5796831937922;
489.7145262600895,461.8679957266329;
513.6998038500585,140.38143540291557;
87.99965789488039,227.6348547659657;
317.3342804143833,180.97413885692202;
409.64634915160843,194.08509212455954;
958.3125374813869,438.568347753396;
965.8479389141904,340.196541030455;
44.36392023734813,405.5474526697801;
231.06759783562268,293.04944779010884;
990.2635498538233,390.7642406201636;
738.0417126338465,401.70922713354946;
870.9358836995449,163.0279950225295;
491.0932601044373,236.8932787530174;
190.59897815904858,334.62047761893757;
50.907526204973735,339.2487627783764;
851.8360707889224,448.5443431988857;
427.70092397912697,127.70695845056211;
602.0075256602695,385.71257019493356;
905.0059656715935,313.7985865211773;
895.3092410124015,88.53791600640797;
779.2298540091423,382.5655684548862;
25.962499994866985,418.7066556646414;
179.95350056761083,186.87040618862787;
604.0923399617695,275.7731357810886;
427.71154606626106,126.07507810535212;
993.0271730456969,319.37183527117503;
847.0606709437818,397.96328882388894;
758.1338629915033,80.10504532225087;
654.1169239152472,95.88367601217884;
396.0455537325346,421.6422249847921;
454.1100811683235,440.64075963502086;
966.5485031151582,309.68163611273457;
303.24147060818717,382.91490037688783;
654.0953119253969,129.8660332236949;
537.3129775525475,155.4660511724079;
467.8925291528695,164.96911136752468;
648.4922787220759,371.4775051758564;
953.2720716055516,458.3379262162537;
872.6410892358045,149.49567412636637;
621.8323685801028,238.36976105952905;
364.54930440578823,117.12386360869247;
774.2748794425617,120.74002589674386;
798.7962814531669,186.86971089548754;
462.11869535135116,362.16966686043156;
454.34703525752417,194.25530297459025;
617.342665363669,210.74685717053086;
519.0566681555408,392.8452582587735;
522.3064286290881,454.5748926716065;
905.4667159554282,171.18479466926334;
250.82424503742993,308.5464434661207;
715.3304184704439,299.94481033044536;
731.9576037605832,227.87833567863524;
302.1499269883293,268.36934333492195;
81.40002866922246,450.877059647372;
695.9759693823369,343.0762364288495;
846.180585039734,291.4286232256998;
347.17317099405454,130.97172525414473;
623.7023484050662,405.2990241215936;
352.51136763295267,121.58353503497082;
976.8521493964344,308.6358089149519;
349.8713485070634,168.5233450371242;
563.3205395151703,386.62030342356405;
779.567077001832,117.0511121024365;
177.49177648943848,84.15198246989196;
772.2663601968404,369.64323667815023;
568.2732525996018,54.25938963549453;
336.6203151568727,259.00131669776715;
464.6892138759415,187.6276770284278;
105.97993021928109,423.16891370328443;
146.25694531455068,193.15792849045647;
281.30840224461707,470.42373174185184;
253.2225737514745,314.6011920011311;
806.6167168272348,277.4281475819919;
934.475848183237,469.07743090666025;
1006.5493454911917,240.94035781671514;
738.5704822925679,443.99917134018114;
394.67655965705814,442.35461063608903;
297.88901257616936,265.00147384863567;
455.061971319906,163.73902159239194;
490.7682689065079,321.7533303677035;
739.3759383192853,136.1498669777709;
631.4932936258323,236.20743041266883;
338.4552173190439,219.72416852034343;
619.5490610542278,329.91447661555327;
915.0879794327258,451.900713994956;
88.7570550389276,281.09932793471455;
817.6081627134866,153.6735400427978;
108.36095224485896,343.7385448479161;
274.1017468307083,108.3064215788455;
766.4249006746501,386.08959535272993;
469.17183891456517,123.04161807170082;
297.520025551002,152.90673416335437;
919.0341828752973,476.86293549688537;
773.4496936498988,412.4952408183574;
453.810033992897,327.1141242321843;
722.0787790673768,438.9438744284644;
353.91944278312815,238.4404631753718;
826.1995303138477,200.1700096229673;
418.52154527290475,232.205934231651;
868.5124780964126,297.2904868814878;
270.7628145932054,355.08562389310794;
308.5175666251577,282.91496247765315;
958.6184103398165,254.59055069575692;
460.0828088048242,416.3457861052423;
344.116112604931,209.01757291020493;
133.33772775649567,119.10643710034323;
340.0472724459705,411.7143649860836;
489.8205466735043,388.8145035339773;
362.5497190547796,349.81160059330176;
355.77644146700703,292.4803564196894;
781.3772009752837,475.6949037258483;
132.6236598401641,395.5294638178394;
559.6993610595256,224.43214114536846;
162.8616876158483,429.64520507945724;
620.3327648513642,188.62621151893106;
966.087900881256,99.21050678049758;
645.9081829207372,329.49047474165525;
614.6056345497142,282.7585511975712;
962.8026120606252,42.51369621556649;
340.9426353724826,486.0539485041438;
111.8452060781393,96.04473005350933;
53.2961548382399,411.3978915023704;
57.773952504430284,22.685999809810667;
910.6934719954444,241.6024173968108;
821.2967571363247,56.80550959558333;
678.8515547581758,14.597254496397696;
873.9375135448076,408.4357382962753;
914.2407450629944,165.4296837968615;
821.64209058748,176.59927262091279;
562.6073840611878,443.0544542218672;
751.48097961436,349.7421689179257;
371.4055070684266,75.87466027711602;
285.4233802289937,149.86785713558996;
200.20455981636962,418.7883068064825;
363.3153715423435,11.607439417618373;
312.6852130883927,108.50204299256887;
144.8962912259597,19.82196818073666;
877.8789474482434,216.89347100405797;
890.4136525599214,440.5397735065703;
734.1220468893472,381.35594715602224;
885.0677436492344,465.02297799526707;
478.392539726842,195.84873893137438;
472.19893902306865,312.8414876554386;
240.547934694619,170.04645062063295;
286.28535433993517,154.06749821484178;
465.4471992840599,477.3041964921957;
695.2762884020525,185.17621149714884;
35.41539433164508,234.12657933576563;
632.9350671341396,243.22555534361626;
283.4801645373236,468.8723384289268;
101.80649503433868,283.0799197053732;
524.6167975348715,133.83935478066016;
625.152082589712,433.2312879941506;
69.30809522400304,38.551684317933365;
972.3943143300542,32.662653077356985;
755.9274824656819,227.51747390980987;
100.04615134122761,108.63381411067479;
642.460677010016,157.72493020631043;
775.9920509662884,373.78584658869835;
79.66435017445826,359.32303067830753;
529.5503024494574,108.36022338034044;
953.6764060622369,165.82360851453493;
993.4183181571823,477.7534460354726;
247.07328985043918,291.9813564954114;
861.9643976413104,470.85247911043217;
898.6168703384438,52.48363877261391;
172.74570597144512,342.78865289989005;
512.9569247854813,79.55774317198137;
504.3504931234495,358.5432053909979;
913.1531745078161,25.890183503204646;
430.7376753869798,452.74291023686163;
149.55646524353747,176.54765930330322;
515.8884070963616,201.25084912208183;
723.4047135749242,476.21791610540663;
827.1639699793943,106.95558216719257;
799.1516523425346,143.45573959872604;
76.0791979557348,184.98515333802678;
724.0559190867041,185.99735692450724;
900.8674059764782,337.53604223794025;
842.2842665239497,11.458772643312123;
825.0964833955577,29.173332195288385;
925.1451453714901,224.45295296554673;
108.08087700437052,131.13859156036278;
757.3492099172571,447.4496904895853;
699.262627857345,219.12599627415412;
474.12540484842737,226.6697588004714;
290.8071754699661,456.16797775141214;
506.4192791586176,349.5581454725175;
942.2342623833038,179.1762186038843;
729.4867297344402,164.0563500106591;
680.6599129268645,311.01209190689383;
227.2620035805256,11.401944587065662;
216.87094129668714,353.8329431948957;
814.2752384238723,344.16085785428083;
467.27721307942426,391.88291149679213;
37.18249606975232,405.2654085938682;
593.2605344420592,261.4392608999758;
661.1521186348688,489.4780607170204;
298.82008972933625,310.07427226640897;
69.38129997993181,293.5628223873598;
909.9809049982418,97.20549964230445;
924.029669390288,128.9738056599317;
436.03692156676397,236.81947515474366;
738.0321184355472,265.3665667014742;
46.86639654668522,244.57095946140143;
13.371492498897567,366.8159129524708;
647.6473770350826,77.70059534108769;
25.282227816920347,410.3753203082073;
319.3123918997626,45.99421454424162;
182.23663980862446,412.2339284757798;
675.7511049325653,135.18416951021015;
243.38069002772977,158.42506677496132;
898.3482781201806,15.853030787509873;
923.8684833794795,153.9293545341997;
973.0578103341082,21.366854309655395;
550.8831768369657,469.1212470978836;
420.3473252829726,41.46791352705047;
139.06554850177997,365.905706142834;
778.9536362907427,80.00169008871771;
11.29903733396819,61.34944118314566;
949.038026706242,506.0804299344151;
192.68331036097618,221.00551077882696;
280.9988854862636,304.8735834407715;
474.46103950988527,352.09207570491736;
397.0941812051913,72.55531009000887;
935.3386135875681,94.5579753922372;
334.3175638185127,127.86898534144596;
536.94873284519,488.8104292076435;
792.6208373642879,230.11123339746098;
847.4591652264196,346.02175855331853;
935.39209079232,210.87202667221143;
674.6510973027675,185.33574507348527;
748.9602543604842,159.1051438251283;
585.9475930585031,141.2385874638722;
274.1466414874676,48.78720396863572;
600.4838227419531,61.188836054016754;
809.041336596324,229.2029064757288;
887.8402885794592,309.272811552415;
328.8821670390001,55.91510522728226;
272.9836513143466,54.65806389459409;
226.95626970412673,263.7402937499971;
635.8025407571328,474.15215459495033;
276.511742307855,94.94896968425819;
88.22142771866925,320.44801821190487;
657.44957585021,268.12378207742955;
903.7499511268896,243.88839120693333;
664.9785527740165,182.41433184192533;
175.09343075411033,215.7107169950827;
200.45705375914125,428.19787157770145;
850.6351107838445,325.80498360175363;
180.54906020142136,270.83468752768397;
542.8906089853025,309.4140193083146;
319.32875157149954,298.9992161626177;
711.8165056441389,237.45763860432882;
335.29123568466923,397.5324732215124;
131.3605396390065,199.9822880273158;
755.6947669676161,100.6325788104938;
387.3144054229852,491.76533964491483;
528.4659928436205,284.91059625961645;
903.7196610330545,29.808896083379047;
793.0879781448023,78.95587166477979;
671.1696602568957,222.55689079047957;
364.90853665966483,403.77116727092016;
1001.2632988167503,133.76439675424544;
272.13982059682286,422.54964611587195;
885.7085077353883,365.59501968665273;
113.39170665266262,282.2711432311315;
32.905837318046736,459.6528161494816;
984.3544254565257,509.85374285275674;
720.7749698396223,61.3207919144944;
614.9996103630659,33.59616645843488;
996.483026734924,166.4528424474173;
592.0634072157834,26.039177024549268;
498.53241271177836,373.3216773943288;
220.88026635814649,253.6137423247407;
216.12662025183238,63.46881449302021;
91.25517028047857,28.87188729516087;
448.69534574481105,383.71522638194494;
745.4178190292074,388.5785142424226;
365.1508502236057,498.34866247384036;
629.1783980206613,125.86222193892937;
162.7080998303454,500.5122113115088;
306.95580455934066,414.37790001010046;
168.51066866307596,107.57729465255383;
102.16275078688064,301.2125859773731;
388.7742463921501,70.33293996996863;
319.2312745950263,142.25607721169536;
457.76508939636227,469.4401753793071;
760.522226803807,475.30941947681464;
127.42211577567174,372.9759078692839;
787.4326016070094,70.27397817837766;
604.0312194548303,461.4232297945963;
859.778299477091,493.1707521050439;
487.97548040050754,481.0075315637378;
462.32403799395894,93.86136644216047;
140.37857225529115,342.85481814954613;
409.73793348892207,278.2249157345168;
53.29157194209132,50.56305556849876;
678.6223641010264,224.554186537814;
481.32184764862984,276.25615615511924;
162.48435390615413,47.80879228108902;
39.93759489657633,163.0774167354464;
530.5995774216403,241.69655701232227;
394.2981496514779,345.47148455117275;
407.794464962299,269.47390229413315;
182.46884754181636,469.0606887735213;
150.0413114752008,349.68763256114426;
898.6852450668189,425.83476971220546;
618.4334342307719,190.9360184269518;
428.8991353531034,509.69672637700984;
449.4471233454379,449.88431139344425;
144.77541630905822,141.17914060283152;
589.1474152044157,321.01189202498153;
787.0046995069512,415.71967506721165;
418.25455779079067,63.1094455071896;
297.9665160581845,221.19045655069445;
215.28229455249024,302.20575128717155;
431.0753284327061,129.4571329388503;
958.7889441133323,392.32183418479457;
755.7581750350757,211.47317774526567;
665.2149505224855,11.29131393768056;
253.43531354220903,272.36991254189775;
295.04684652216406,225.49226868702954;
247.2268874575949,243.78797865379664;
619.1921523324565,369.01204081479557;
404.4907742603171,345.8992463091464;
969.5167998265504,63.40007084638143;
78.78673849140226,54.07047614376197;
74.6992834198078,496.65518625149394;
973.9504920597975,322.2342024170239;
702.2130970057848,508.6572702420756;
192.1299728841912,296.5289384524313;
80.1081112806653,266.6820296342538;
923.8945568501158,26.557702264562213;
686.6869615322454,384.2654747557068;
655.721004587518,441.620678834544;
637.3838631761997,116.67839262592777;
836.3942587861593,32.758701664479354;
52.18618177057654,482.4076610298543;
418.0447852409439,459.2452548869843;
867.4743785700297,385.2262116885871;
172.85700875772037,275.97615140015154;
239.9230830012129,468.8745510039766;
465.6699029060678,69.63280292196427;
144.71289732945624,96.53607905387445;
154.9745040705277,42.45256137576846;
416.14293473927444,348.99014405460997;
172.72417406388286,402.945556710684;
778.6865181715243,260.68394182017687;
705.3178164748434,430.1242708014674;
283.82176400815206,310.2248529058059;
246.3623017934682,283.76395303480314;
335.0200529181181,156.12942803107288;
361.4775474875486,300.68214254382445;
173.5429103600724,138.44507269581274;
893.9576094867485,171.52915122097428;
139.01649357185306,280.428770277566;
173.91793412129672,335.60360330449083;
861.2326363805132,17.88409626504466;
674.3993620097166,159.07678947531343;
130.36166612976905,143.36877547509263;
259.2386136981607,422.71468777050006;
127.80020897616417,481.8860549831999;
221.50090212953222,179.1186688702312;
92.5143141042941,327.3464203905711;
94.58148990618186,458.61623502543915;
825.6831176571762,383.12844592471623;
835.1237718490264,263.87446076072985;
882.9624553597513,500.84247554995835;
614.6516181284994,210.95324279815247;
418.02009770516736,405.1627688643183;
153.74891155806236,215.62209540784616;
537.7971306415727,121.03664644835092;
939.4839672695671,371.3339235744795;
900.6121039392145,307.2591532454753;
312.4037198456404,413.82438550044685;
91.67785485514156,497.187321621592;
889.1509503201804,277.79406286026597;
606.7832782534831,489.09543353674667;
487.3592407002916,435.0865317545144;
620.1072566477376,313.32828812378403;
735.1378127042659,230.80917523053384;
275.2110508990335,390.709547583454;
928.4428641430284,368.9773998005666;
540.6451925944255,80.01113869412822;
227.2548821479807,415.3732426343887;
203.66797227152153,465.45893498799524;
113.69965205207643,154.16127783257403;
793.9150769829662,398.50250390142793;
692.9231996811766,72.56344167637995;
980.1969320377989,126.9488034482986;
232.64716904148452,317.49087443904284;
792.3488704346004,360.025954896683;
765.2957034544895,454.7065362505404;
241.51147752829314,378.9186869346916;
86.79303581748209,92.75845403429594;
478.4639553475364,262.17198639063304;
806.9858685602082,425.3744486012655;
281.82835981890753,317.95025163075417;
154.88740954964706,45.761874868021295;
260.06480601779157,310.3684256991631;
44.401996564838996,341.844955242136;
837.7505748263051,278.91870820310305;
263.5064898343659,204.95179116855022;
276.3513198108002,230.63853054236228;
516.7497865505609,228.3614974542713;
697.063330967857,33.606585758732535;
573.2851841616929,375.4444985945282;
620.6882004163011,492.4519072189485;
753.7122362213701,154.0588341683323;
453.7213264533644,323.5082756577009;
798.3680429959416,54.0989558043306;
241.08103223539533,72.35263775555549;
650.7991598762014,187.19389977005267;
678.1860260496608,134.75332047197003;
855.8995916311483,394.0362442144318;
521.3934583380922,398.0851013245128;
244.67050300837934,176.61211880483896;
493.2649253135156,473.05215006304394;
604.5626346885615,446.72709890173917;
882.8700998781994,68.03100694386166;
81.12100451878389,314.44550725391224;
997.0731165971819,247.79574004872788;
126.98919127710805,122.90706201475503;
876.7484164921785,141.9559529989508;
450.0687700731444,308.4387541556743;
441.0780723551474,255.6136355342669;
69.672370881372,227.11413953307368;
267.19903269545097,76.30208328707032;
671.9006927957611,178.99168299657757;
373.50229434160366,191.2982128172716;
808.8505077753057,346.1811072001286;
930.7406974490343,466.4374894554163;
532.5759309161725,114.64237480046334;
420.8771300796275,200.90183171517256;
678.5562542916849,213.44501905488204;
522.3675319670259,15.062025921451996;
982.9425216251389,280.90242780829885;
78.459819314303,170.02011082752938;
419.35426928346095,134.12130621758126;
55.72551370921318,376.39835436643347;
144.1803508118623,353.5468948824395;
74.31653495438539,230.85152030604655;
682.2944470338265,428.2731312955818;
604.5952649014661,231.38950649638585;
729.2874255134016,358.48301831683693;
261.3477313476508,164.09057767554697;
957.0353486872181,240.42793596486888;
887.9936497788108,322.4019535662858;
742.6887788495501,243.0354094842973;
558.5753759819315,43.5170268686667;
834.6393316729647,287.06843201783823;
87.28298647730303,59.20097844157462;
692.9246983849463,257.3816521245044;
571.1052605044448,363.8042495232407;
931.0928320749578,417.19925309135056;
331.48873393009757,275.88391576101566;
256.4735470347663,195.5888534357642;
289.8325006116462,262.4192692134468;
685.9391009207592,293.5816197762178;
948.3262764569624,204.09955113356003;
58.167765621102696,274.47666548153654;
693.5183008578342,163.7740120458813;
519.6959692113504,422.6179488798219;
639.9776698967785,17.04626833633515;
542.1301629549555,115.1828516102577;
485.25054098039385,368.1877846318009;
21.690336255224864,368.10659775194875;
777.667399571782,194.47818855174992;
1000.7574680824118,202.05755432541594;
292.1201373058474,382.2412381991136;
232.03133559855237,329.4774526188646;
48.91593677164107,469.38552607650945;
287.24116326699357,295.4683095808764;
914.9563825838358,15.63882598987564;
72.96732184077868,145.22113279678015;
161.72339825614546,318.29693488376245;
401.8198157004189,55.366861827211224;
697.929586065865,449.8859808154569;
348.37003963918824,207.7541402925626;
336.0128676041344,85.74891656331428;
838.9857026067579,155.09287927187702;
92.08105569878465,147.03518043800668;
572.0200892715626,406.9096582349232;
282.1992604495931,369.5681577797081;
98.09662510097426,248.45788240707822;
233.10111700839573,386.460127762923;
426.3526441165393,334.98690960734683;
524.0052593002252,445.4087299344841;
18.93949810868966,133.5942357499498;
680.9259827783213,413.7394961862341;
509.71849757704535,180.04990909833435;
712.0550055968188,374.3175177949524;
109.17359497318002,466.68635864289206;
120.22978487155821,360.7853685929179;
167.18444105874508,272.3923370853762;
616.3057636168886,225.61209316376633;
453.53749644289684,384.74568095942743;
649.4255768542748,192.36502973252476;
829.4850172897349,395.202651434387;
75.52615804496698,282.17559766466536;
361.52314052118317,210.16213300087148;
493.97429968284456,450.2596799203469;
55.51653942344514,457.4473051262875;
647.9716410517033,388.82713376590823;
114.68550455213466,465.11190251753834;
851.9238967038289,85.4394794121237;
474.69076970642266,269.81448068145477;
55.80285084407421,23.208040985769887;
128.1543131555084,348.2233374258425;
51.64065035716313,407.2459519615388;
265.32650552762016,418.546923032507;
251.03520644752308,175.70970885996329;
27.087250103594464,447.66758644661354;
290.8702253601588,162.47416557204951;
15.75361651807793,444.1040394505349;
197.75090386894811,395.4356231060876;
686.8402916768644,481.91066372721633;
321.8538360531787,128.4352455510092;
379.1431687580546,62.72933655773898;
445.7634100197307,290.581135351775;
423.15393510537154,491.4992439996021;
67.68953864802285,196.1398776889771;
474.62612596224596,247.34129544478466;
108.66539088323411,231.32338029831467;
391.92974997697405,301.16808617752565;
677.7593167225539,488.06509952168915;
267.1285758578186,117.96773957403022;
966.3464884242142,295.1997751999987;
69.35687402374234,242.13270404605552;
526.0400947836482,196.07924628821314;
483.7428072676865,358.11529749403286;
80.51325938957353,173.79829740518886;
36.92825655147257,100.12388007469818;
162.7306937724834,239.95071218496403;
809.9596682878595,319.6649098512335;
926.283892495463,344.5303498453221;
915.2318059284289,398.8146495721765;
411.56025045465015,488.6450948754691;
63.22841731155425,44.51223249580032;
191.55277699547446,226.69533263664843;
273.72533836325164,377.7569160248153;
953.9849207162439,351.9073869919445;
249.49009378507114,11.666797540841426;
472.9828922775141,56.58775007022692;
204.40613786681692,474.76502695904907;
525.6399336572741,111.07233406843113;
58.53745791052544,342.18288142110123;
46.66399950937305,367.4679285945342;
552.6142620607696,79.52563602913686;
476.8371759038975,125.22085561525425;
422.5347902734634,185.0812827437929;
690.3769294789977,380.6044661716288;
538.1378122166848,18.843570976472815;
617.5457684013971,327.79966004820693;
149.7577429294845,450.2856762336344;
490.5610738113085,276.9219538915881;
422.590247999722,56.06895689399065;
290.5157484134156,233.78350797127976;
150.26981164555218,147.02790044299311;
621.6315242009763,223.47224163761436;
666.3235956110711,110.9851414809314;
469.8038844899988,473.06597142856174;
481.98486877877286,258.6726592497379;
844.5248902808626,352.05586651239923;
734.2400364020389,122.30674410308117;
408.3280338290891,281.1403689470964;
365.88762270170315,251.45180329781556;
530.087503714657,245.7976099493005;
798.4817668109572,104.54427180623159;
531.4498771649517,13.493053429013294;
440.61951350448936,283.2484675181659;
678.7612530505743,76.10182593494368;
478.6482411095202,38.099096170122735;
177.13549890523305,368.1111391339528;
561.5116822545523,250.40034805697718;
892.9074736744357,372.5794411911979;
34.49561286941759,171.88391908824968;
428.4084782794625,359.6386775801005;
488.31149243659223,60.474450843065895;
514.4600211358822,39.808447768231495;
433.2796689862758,96.0557204150328;
153.53694138522022,316.50899867932384;
273.10055110771935,108.32887509342109;
940.5618466823731,381.26699835082263;
141.74811531040697,105.88029089820877;
921.3221444952482,355.5909455337762;
102.19442076068252,286.6640060841334;
171.11138784262624,15.868957386537533;
166.9678443877264,185.7278640750186;
535.2437534637243,203.04927866919448;
928.181138511022,469.46804946013197;
530.9605160645704,183.1411402935465;
29.651925521237512,258.6326599433529;
290.3639691999965,246.976467045095;
369.83543204969226,136.28421246910483;
420.41669403985617,140.96094111583233;
349.52597335168156,32.4160968001319;
305.61939910225055,440.4409999921844;
744.2201664721675,414.07290232397577;
619.0600243616398,38.58317064066507;
989.7089197773361,477.39290728736376;
290.5859105477242,91.4691456014271;
760.2339916799422,84.47261751677064;
10.584019529988211,355.12536589214415;
516.4748383064928,146.22839618159293;
250.34654363446063,406.1723803810892;
57.98912262687072,178.3140909854054;
826.2755734963754,422.65734986768757;
675.5251706313701,480.6114693377337;
232.3193345805472,405.16349349391027;
819.5306229327458,342.45335905352465;
232.5878247129084,276.1340047396794;
828.6589894513872,267.4794950723375;
186.80818314157798,217.32546260972074;
314.87198770521474,419.8064889494625;
911.9417536135729,276.540065289973;
649.2408465606932,231.14966290251658;
210.0325102504089,57.514215790012585;
865.8641445698992,177.2189344579169;
185.0987073911,265.1587637120369;
912.6052764345153,145.34810933012054;
801.8816884960994,425.3083190021429;
636.9306325399152,19.10369975154418;
343.25034165715505,75.2791205422295;
185.42988329481858,117.1286939001137;
245.5969229429592,194.39775448707707;
215.85581773991257,409.95125832307;
307.0987713473512,212.01340298795645;
528.3952246382627,95.21330250739496;
957.1436933556449,264.408999441088;
613.0898816365979,445.7354454404257;
834.401794704126,238.06426068730096;
450.03341618227864,427.6309599669185;
800.3691514777311,207.12905257213552;
98.88815555799978,228.82888670974836;
802.1439861328437,315.2317344743074;
991.1830015450569,107.50934927272425;
143.83702160036205,332.9996085458999;
455.9049004895822,451.99820065737106;
901.4623971213599,14.556158371735563;
1005.3805081054043,29.18587991969939;
712.3006800656428,374.7614976362998;
913.1965823441864,175.49296490308313;
281.77781037631576,382.3395271130492;
436.5152738778313,10.08873276049004;
460.0287419772142,207.86297649580524;
474.2590277782174,122.9492629930573;
11.341648560584275,285.15121906285094;
302.98573268325646,171.45356116547322;
380.0606701646114,462.4444726047788;
936.7044427331238,11.457785111591281;
885.6230694993537,104.05577964238249;
179.52498977904563,461.16096022060253;
234.5057438806415,441.20589115549853;
549.9631410900604,216.38970343597234;
67.6492581865069,430.98788493489684;
728.9949806379408,52.42536340150982;
761.6299994489931,13.248625428511065;
343.2520355590146,398.70356258535924;
555.356974229939,43.818495778349444;
157.98682939330178,442.5639233896638;
488.0029654817201,207.30227414197404;
443.3513085776568,255.92797306459158;
950.6661356622069,288.8557937647561;
88.2729010521831,428.64243692372696;
830.9275123642992,76.21235566226635;
619.4953366585831,259.5888821539367;
330.0932876424497,431.991606443955;
36.377449511020615,353.32806281875713;
690.6726635649355,41.9172275652313;
880.291383221644,199.0219061688275;
14.375483802557255,99.2210166360593;
733.1082358838776,172.21664220037425;
545.3676399370117,101.49596657459463;
683.1802969548329,391.353812392184;
31.829826284147757,324.7793673047024;
127.79782288762452,239.88067142168174;
419.72457776123315,289.2690166122461;
774.9226591566664,161.94068502894459;
37.4526483168619,79.62455761653258;
958.0805960004906,294.8703765544025;
538.229475761425,47.891736248927224;
774.0508448258909,115.07155531867485;
171.45511374993094,225.60491854950854;
67.63856534565582,318.143547546034;
971.1614847232497,381.3756520723555;
554.5954785133272,46.768800235429836;
963.5650398035876,482.34624317509076;
239.09839204319704,219.34136988740653;
727.7272863726483,476.07376842150916;
327.0695003322066,203.8412775626262;
762.5343635193328,436.5166472219052;
209.7346196663039,267.60259656933835;
977.2680441216999,213.6232767212251;
771.2492312923829,115.52219612803998;
438.53109640715513,291.6682175316864;
581.6969748022414,421.6967117169544;
279.57296514562944,25.219526144383764;
402.245663272468,20.421146631515334;
770.3459687537727,486.1629169500942;
263.69856426417005,351.7597552894273;
326.28624371767944,346.3338760232921;
23.843656295995267,29.364730936168083;
628.9965736963328,407.8991136789631;
664.5957061371682,154.44112623993632;
479.1415939866762,31.843842583464223;
587.5847084647216,477.1468812316081;
699.1750739112645,114.29286010637485;
171.11625846110323,311.0977914570706;
228.47215273491926,485.35703534728583;
470.15933837026057,17.578116519996456;
885.5742930475867,60.360904047773545;
766.2213364942828,377.82716867920107;
239.63933683129267,68.49196412546226;
852.7373873894144,319.42106738283684;
141.73862533142,205.1956401665186;
839.4154138127248,51.07455746681199;
842.0515017792093,486.09030156546794;
685.2941871293395,461.9316557756824;
301.3385177274749,360.3189960217908;
99.8380852886439,402.1762413807306;
743.7416916631998,194.65550742389019;
1001.4714570380638,185.33310659392103;
