[Boundary Facets];

[All Points];
799.2487408043704,122.15804805543783;
880.8958748862917,354.38890527718115;
376.1261957063392,35.24230158064883;
136.7767545047185,70.7380150092977;
27.89090691546169,180.31437083459227;
167.40356912090746,486.35906014128796;
97.97096194034926,500.22544459007355;
775.9140562283429,435.4482412272145;
699.4802190697892,403.0635924332358;
732.5371714573151,256.69596162995254;
585.4259436055202,147.10478497015217;
769.3542747608839,387.88433231192084;
35.64962745844057,336.7337858076074;
210.43186450958083,211.8140905068367;
814.0953366319654,241.64290710436964;
542.7064666551679,109.59869395268156;
664.6448152716723,299.391844410731;
564.0518717005181,235.13643331165628;
907.2212833560966,174.94992823896644;
168.9506392840765,324.9669312716305;
540.4415647862655,49.05149806774255;
965.659808724068,14.523224001424463;
871.1769545674664,339.0331306542806;
508.0867696977456,14.935745663222303;
928.5485468591105,348.8705507074705;
34.590762520106054,203.04670358884653;
699.8807583151819,238.02922718082198;
442.95878492543795,224.38983509632115;
981.5180518531502,42.17087562125115;
324.78719443701755,162.30906569020576;
526.0210676949729,140.0049254092585;
646.5531666989694,46.68083133490491;
110.10733245475411,303.87980023675624;
965.5271755035229,358.3933720484247;
17.019004876242075,63.560242781028165;
108.427086628457,397.743020018366;
81.60857316301406,392.7586362745467;
246.90841836694887,232.70919288398795;
245.6885501538245,111.45839550042834;
775.3056630216341,249.03950980702692;
874.266945668912,440.6454586828833;
736.3626136341597,338.6818916757914;
11.910400405569224,393.35072766231093;
491.4152382331014,475.1435571537622;
231.2786221257367,404.0789896923334;
740.7834809405246,191.59093265305708;
887.7754730390953,46.59008001426323;
948.4317738104065,338.6565605388753;
1005.4808233164568,372.1597096828167;
572.0575015605194,508.6193747154212;
368.48622216647254,86.52484014115612;
465.92973219385146,223.97271549944668;
490.0111804803293,269.01517427016205;
584.0837400385097,388.24884350305774;
128.04113836932484,476.9340122419441;
695.9889837152156,125.40999518056682;
648.3260307641045,277.14276388641593;
820.6198271134615,507.08792711126375;
577.9523506898979,414.7571833534245;
260.8242690944484,31.995845242959223;
800.4999581744163,395.4329676234248;
604.9779801884281,294.77717565436416;
544.89393852671,382.9960006094344;
255.12206520342795,265.34996087597835;
25.239689751504358,23.83078924555342;
370.5652289269853,284.028282116364;
583.2376720699764,49.210700064722545;
1007.8111922652578,101.58963217054078;
535.0171907332028,460.5173393681965;
973.2162750334013,104.16659170353014;
587.1927443208108,314.3853941942513;
164.65988400224572,93.14867016662159;
844.8542869091677,136.96017634455035;
303.6152502779181,353.70678460720154;
772.4664744564759,387.7973259973942;
220.73511738223672,289.4315694000422;
561.4725968826882,298.1366148464099;
298.1902516303919,483.5781549050918;
797.5620190255187,335.3090776131212;
296.91567247243677,359.2206755956338;
252.70458360702696,402.3088308402468;
755.7917115535597,162.13350862086145;
679.6659225362293,151.15899355473078;
166.4703899723613,129.24063914208517;
33.13614609813352,452.85545687454714;
725.7896095431015,124.5230614030145;
523.5840211362143,86.24442680891418;
1009.8150657036176,347.10111894279544;
184.4923130831756,266.8732030773129;
979.1436663030183,318.5724591748908;
871.9673126168228,21.038902974870425;
207.1060647185182,234.62379762212464;
599.1891858381582,346.82374123462057;
258.8913164621591,474.347129228717;
139.21076416613974,25.77435072154909;
200.55498215459076,293.3561379355873;
538.7632959403234,474.66952316643784;
920.4885816241663,392.1045960174958;
48.06021398636916,499.78380205754587;
473.8451835539934,83.44462342890739;
897.5597587392317,63.402636977196885;
148.64626888423925,163.23877039576067;
231.55061705633483,117.53061651417673;
762.4753306079631,70.26800435832125;
529.2518941284374,407.28728666207144;
878.7814140283938,345.62099459441754;
24.065504151277274,54.72135076676659;
215.29746617601174,78.60822537068861;
467.5109185232628,60.7941955662175;
68.0105431355763,436.3282913932335;
199.31460166822635,91.6003788522222;
789.8587765482852,144.7008280214036;
257.0879677752283,116.77762863528284;
556.1544492712864,16.501953700088826;
921.0568975069386,482.8837047237894;
870.7521758719781,328.3508419425064;
887.9812119551262,406.2462251739573;
777.047877958159,432.91916738648365;
176.1913133255889,109.72028654972465;
78.0505665832979,400.30335891392343;
413.5286997881612,350.65129398617137;
729.5886800525623,405.9015719949345;
326.1315424095233,138.74547508744604;
853.5332346805011,392.8301731883326;
439.5959902515193,72.13828010718419;
14.931171861179863,116.38308593728618;
858.7683425633783,260.9836797422655;
975.4024889529791,448.07446159839344;
319.1458089687512,241.8779148794046;
774.7478300160581,466.4970702229221;
483.8359734990581,72.23730985650894;
186.89395191668967,231.77141117848208;
910.9150395194271,60.937574303172305;
663.6028412033014,460.75488111541546;
363.09957902528566,363.49798215440217;
694.3613771768095,32.71321900600992;
498.11213291224175,305.5627833086692;
260.98533751693964,109.32905615918663;
486.3546120884591,59.70564903283836;
272.89502718475546,476.7027546916312;
199.2130812751608,359.40235121813487;
792.1067147667171,347.07762932087957;
395.24755117627154,100.17158014972854;
404.6377057797773,431.3010359354077;
681.4796974144873,203.0881848536971;
437.8468407602537,42.094752859254946;
812.9459314540435,205.1370630852371;
156.59883755019553,393.2416048352291;
682.6506479777197,276.7932799385151;
830.3592458094838,56.27787932687622;
985.6287666600534,471.50225216797196;
953.947379734845,505.5302063174031;
930.6028465797012,265.01305753408775;
596.763144490318,152.98742912996758;
380.9370855999785,389.8041893448278;
1009.0071191793053,335.52303003091794;
503.77455597985795,46.438524182024146;
852.5476238946392,30.198769490716195;
822.5613055044803,254.69444633222238;
470.81744065168107,140.92267746183285;
709.9541725969984,14.649727303221384;
530.4970789056601,273.9162033805984;
180.90465860853044,67.5461997665242;
293.31224521652774,491.94626678662866;
854.3948139485133,416.94731596112433;
53.677759039770336,85.01993737996831;
195.14895445448886,236.93996485286405;
884.2815648144909,371.777577127652;
166.666622197989,236.8146999330247;
815.9518206172324,68.96322847973661;
489.42580196040865,304.27135759625367;
645.1722686376312,80.71376501966952;
130.15788818216922,407.3374999446793;
842.1299553435413,466.9020363111706;
280.9449827410073,44.65282523511498;
349.949040864307,442.0464808481275;
390.47424193089876,65.38596481538394;
711.3250332193707,291.9293661595783;
340.66313670730875,361.7698539915524;
364.4434657971306,278.8534592050997;
314.8152753028247,28.88022230331271;
750.1090891702045,383.06418453561184;
318.12477148863024,217.56270374008278;
385.41413478659047,389.26683648433146;
759.1572989479778,209.64228565801744;
653.4442226847483,49.03607771740436;
363.12061141975613,57.77496992708002;
872.2928886161505,35.57055580593371;
68.79601551290492,85.18168013010484;
830.2108273465687,382.7739863714506;
248.0713534786093,450.92379006705494;
881.3696278675449,200.8218036783072;
738.9282844395639,35.313635962062875;
366.13871746581407,275.2314437312091;
683.6872381807207,129.79674167722436;
773.2011334482673,10.134908939386447;
818.3813171695455,87.79148288325626;
279.79390509980294,349.97033207307413;
649.2744486348387,206.13600199498975;
272.40229627874356,435.634114284951;
66.96385693895655,15.448337006645598;
297.50399196009147,285.04658563512015;
904.5028509584838,350.39371230657366;
816.9309256961599,23.24537297479594;
811.9643675571152,417.5361384093538;
550.3490972722022,247.38146104748893;
879.3127826676508,28.199573102497368;
13.227716540198156,369.5099258406206;
165.86614120802435,323.78342104762277;
667.4783797055009,196.39114031005062;
555.4060477239676,406.2184734861257;
938.3276527578226,123.78598841049259;
627.8281293735664,354.98468426989507;
90.17245023731134,231.81545622553418;
878.0822838381896,287.4950865653872;
515.7776991068962,40.64875482126095;
694.3735755593692,350.23266523327743;
674.5687924226717,23.799078272513533;
545.2474471959686,446.6799005047197;
722.7712642180738,210.37027421917358;
311.34027763687254,389.39944380320577;
19.392965080773365,228.22519657895216;
985.2868957744631,317.7001342853638;
101.44802406159647,41.82635917751653;
180.63798212846638,281.7353904172188;
975.6119132737105,455.5482945586782;
390.06691272102535,310.1068556766609;
271.19782104995124,445.4531223964706;
482.55450198588267,98.30249877661295;
189.4594988051048,161.48909591278337;
136.58857833346502,500.79085307834157;
538.4083908528025,198.86906982745427;
692.5735462013508,334.7851425622285;
111.9868545724566,318.6288930594567;
148.0661034282087,247.45195245505712;
560.4887196813307,292.7107112457536;
862.874754347079,360.83055422157526;
465.94407103394485,167.93498463378242;
372.4843293886851,13.512309373686461;
527.0055177045813,326.12387043605287;
450.68112437915164,209.70525589184228;
785.4901650492077,118.70187122719743;
892.1204647180228,75.80657767543752;
297.2321654436448,361.56546651520165;
418.92244656188694,453.0299301576443;
455.4472386370494,256.2501606289181;
641.2747466522088,252.63880231897534;
18.982093768718393,317.3715538702844;
366.95648447504504,342.92507829167033;
174.66886148261716,69.41001520662431;
685.6572945401088,334.693937075316;
862.4297363261651,332.6130053956897;
887.9767267026474,229.11633236517096;
696.0679509154277,189.03757567450774;
482.97504196780807,424.8983030955637;
569.4611281651008,346.38247686820404;
629.991683941781,64.44267192192981;
725.200336321896,229.4197497658677;
886.72778545203,387.83931994909705;
764.0327995720174,115.96179303272285;
765.2254542801579,407.0813919165692;
384.5737840262336,367.9255505298882;
303.06848756564665,192.45951294148688;
546.1353238272881,355.88049016135767;
164.41656629753598,365.75363992201636;
785.4962633656918,194.10735020509705;
48.77254624239812,23.246511932166637;
512.2752532943111,442.4223117200311;
891.668182866577,317.3666233185125;
16.603810994621263,435.1045630395393;
639.471828773391,339.51036930851654;
158.35492576017862,185.4502982455571;
177.30596537008324,100.81373350270383;
222.5466771306287,79.71204262308916;
72.27657275174047,131.64972904449957;
786.694856187926,419.8165955143935;
619.0885681444994,273.2455234976964;
674.3922659296913,439.0928663107171;
444.64058842327455,53.357904233265245;
949.5090568888728,81.55913608172249;
495.6096645362272,12.072035539394223;
571.9524207771385,405.54186468188726;
756.9788862140309,335.70343656028774;
106.053586558986,230.3235431881898;
579.0156985467904,226.56345677802295;
959.4424453913529,239.24543438144696;
492.1587221261959,301.568523823761;
911.4667504816213,103.0282966061255;
740.6866146778478,96.7691653315607;
61.55818938084289,507.4196313973112;
133.73090775109307,444.92894328126766;
513.0432606334322,132.4522175202892;
284.74797032618903,495.3379144966764;
988.4846731983807,12.001498640164357;
1004.7383549428778,254.78120046254915;
690.3060547676453,155.0649699306042;
725.2555199854542,95.86467739722642;
642.8573421266345,226.20306091577635;
349.93068369214427,112.4403281656302;
258.7332908416639,350.01492053711075;
460.8144314739011,396.00167673321516;
153.56620290455135,389.08586442476786;
252.82004028087957,484.8536385119274;
985.9733024757095,86.6102127568417;
90.19422185992097,116.4872670353118;
350.75556509834104,210.71009728467314;
561.336143834442,99.42147783586773;
840.6476840771644,197.7384546877831;
95.45195799092542,89.89995161132218;
991.8578806427843,359.3529712833434;
779.6772063812062,481.5129517831961;
44.91414383850611,285.12670464465333;
104.59172918979387,507.49564195966923;
380.6837584946825,32.95644840763738;
633.192785105382,444.3766327479524;
920.7173761225847,279.15331453169375;
873.6328206458771,50.86235259360438;
491.15783946391633,251.26204057915368;
376.75804583396433,38.433476274756615;
146.12071555054638,83.80384220241953;
176.46783853206193,14.23653109434291;
721.3877909850793,324.6021417166946;
178.6447854882731,149.05941917802656;
517.4123455011,378.2063627873617;
371.17540329347275,297.18898481994887;
745.602620949983,199.686392533935;
238.65418133109205,115.47940284381325;
832.1064541543367,270.9111619050825;
154.89887496171195,430.5065861254833;
986.422273535958,438.0041734538882;
302.3610656421214,182.47146841100346;
757.0100666438349,506.26577061817477;
567.7423924430561,488.6534338760967;
843.6638540946818,242.06737708722525;
434.0151024597457,296.780497882517;
636.1461217931342,189.61727887723887;
536.3920156990723,287.46184620969336;
720.0563108474352,446.64907542258595;
580.078006870342,376.37320162138786;
993.974055762266,243.39439925805993;
866.0127210399787,507.0287113624748;
826.1752436727924,137.38539353932993;
748.059358525776,140.05376112197047;
898.1066229035777,266.9811435698442;
333.28901861424765,231.96157797224774;
520.6810638870111,63.6676287489079;
583.9252336525543,392.23717034998975;
236.14100852501562,219.7909945278791;
521.2616021394944,244.94693886150515;
118.97879853567815,121.26457825931723;
362.8182396895708,474.20836301122677;
379.23835974044886,59.887805348346525;
39.24091900797477,187.24032967840913;
663.1704026396037,129.73164709978033;
54.231697487015495,499.9124092967803;
383.2470217053965,365.22176006763016;
368.7074734890322,12.214367808915929;
855.1834737336969,286.3077603911458;
908.237049132306,486.8484413975975;
351.69170773889056,227.37051862981815;
214.34706874116026,252.6821060205818;
399.46453567255213,201.6824739193761;
169.43980452286576,297.65876183530617;
356.93860731654826,357.84917045488226;
11.112681797007852,202.5637053251371;
882.3443538639855,297.9785487208375;
624.6100847979177,284.5163645075455;
213.02724189589384,178.9275227853667;
92.84473622573162,255.3162104700292;
881.4277309530837,311.31607762381753;
817.1149711039822,274.4088519314976;
575.2486845886871,446.4923314113093;
788.035479466023,440.7239670050935;
647.1677612197211,373.3743268201663;
112.78557176111158,480.54750197086406;
396.6663976276268,393.8656423817647;
898.6304371253257,203.84799385656837;
79.02699228760744,429.1918720146772;
915.9045484736674,71.4337344407424;
274.02297130781704,205.04074955970972;
204.09177917985477,100.91232850030484;
668.5797024737674,95.29996046273858;
920.2877183863201,239.41047293224315;
689.7024690871358,281.74770069174537;
122.94058576394383,95.38414413297407;
271.339259399336,112.7536379312739;
849.7023352024988,453.24356951629807;
492.60167363897733,474.06555376023744;
613.5037410434899,393.7431983338194;
651.2257034329434,90.42601499467162;
800.3838880362825,484.5751001844493;
100.47811316489252,457.1270524755184;
847.8373465113962,56.680843565905015;
801.6532033110003,469.0188220300586;
308.25522452466066,422.54414604731875;
899.9586304563375,293.70407315910256;
559.0511250276214,267.7157293925814;
964.4161764737851,243.1440517486551;
740.9118661417808,29.216426460269055;
389.8782487861033,254.14947662309007;
690.0623195099346,31.624179285944123;
326.05429387803343,420.7062546668993;
745.9792910940905,484.5730468102817;
578.1602127844188,102.2474611330934;
536.8829097987007,398.453567745915;
368.413570030955,368.2659002061674;
447.5417961180232,419.04285841816954;
284.57096356099163,21.37248892283177;
796.0774914794571,416.9086922222878;
591.6810880535447,50.15945093234091;
255.19037189999926,238.326878995821;
681.1362854879526,290.1174665036605;
114.42003189515381,151.8903822943216;
954.923899407141,491.13705608159995;
929.6789507037214,156.11113931330812;
187.04928797582542,257.98216604922635;
135.07133949898918,434.07328055543786;
606.3690883134268,419.7999952352721;
781.2314207332586,483.32792633675683;
73.9246438678055,128.41186833643047;
983.0873782901955,223.58437942269853;
507.63873642225434,332.4402833574499;
33.88868942252398,460.8159692997872;
63.91032803023654,108.29858631530786;
983.0115968033315,74.56942165284946;
498.1343627292958,416.84596875415923;
308.11428326262,328.3615263973396;
322.50713320539944,303.60594099117156;
802.8816207471249,96.59646191422271;
647.8579808181091,162.69021969991104;
787.2535510163344,189.5410633813055;
348.72245551067647,47.49680177393022;
578.4300309855895,182.16746375351454;
586.8640905683776,287.15871023849473;
976.2657134569872,504.7814579176413;
279.15145745858825,479.88644375767456;
489.72479489972073,370.865183725501;
155.07934423932667,358.95986090940846;
81.03399074650373,195.1583008678771;
984.3023411592496,23.659158445058385;
127.22122962168136,398.71220076851404;
525.7256762061726,281.82638539448607;
901.2652905005955,476.86268996836105;
393.69824837144716,79.21603826082456;
923.1636387992306,173.16417624160357;
459.7589575784732,307.3520380231715;
656.3986712269759,74.20864308933034;
656.4133390939809,282.3045882762977;
773.6635232929335,325.37513003344816;
677.2835584429432,186.1202972929961;
399.03686102957016,239.07933349937593;
53.87361948308666,257.4061948868148;
130.13166547082977,23.552200959909666;
237.64251959279434,358.0426954327469;
372.62917749605316,19.225933742623816;
646.7710346926759,378.48200097768415;
169.78923511705813,478.3400430225842;
270.02714299989447,501.2501644811314;
36.98245656792086,390.2761382125471;
718.5461144302353,54.03379801219515;
196.52234974213644,244.76003289304305;
663.957533470353,447.9856279147661;
269.9818478688588,281.3854820310095;
456.78645380122373,427.1476216363822;
810.8232679983608,106.54153659399812;
321.2246137934206,142.81372544652965;
478.4469805020679,120.45247916629702;
347.69450350388286,261.1301772355718;
163.43680326404018,137.9635325882615;
228.5684928828443,196.39996579389606;
218.48539077862858,218.04819611277003;
216.23154423024448,404.3361000359608;
239.3429541687285,159.51403163549804;
399.2539257084907,221.5011337892953;
290.69578472729694,183.41383997619968;
256.5211135909742,305.65219166299977;
217.246743852462,151.8441620280161;
118.5563998106578,211.2749121167391;
667.7157400887863,108.29336397744459;
33.822191440770354,333.6729481821991;
798.3756913274784,68.85877684076357;
984.5972062544614,16.50902441269441;
738.3920504937055,53.24708878776623;
405.19530265456336,55.94812309524843;
55.6249000131691,360.8172477335185;
360.57330197884863,282.2658938330431;
734.9558601924792,277.43001908539867;
116.53444546655099,309.4918844852647;
618.4678185736132,156.3515834701105;
420.7014395502006,240.2161597948018;
232.77183677803004,230.52597291795755;
149.13192501635675,37.91906663748944;
31.429177449649337,135.7172215417316;
38.137929999268785,243.4035105435735;
722.6731647104108,360.59407806467215;
413.3123602196256,287.7016678650328;
404.4346863670577,110.34495035572289;
815.2266082110057,74.90229856941193;
226.2337857141261,430.12439189913755;
117.78134124865879,55.43375230669216;
98.07728963441474,472.2308437144043;
278.7839825062125,61.94451671396089;
125.28106621461909,48.29346586665927;
232.6672378596648,373.12029112090494;
901.6770029360455,243.52142189485303;
188.78424968355512,304.74485156180293;
516.9857309973912,358.93504182210074;
985.2941642482016,298.9731761501904;
227.00127866075448,419.200100518594;
704.7311768970732,184.93815313766626;
564.3992525918522,380.0471949073576;
859.1932501566802,75.37411312316904;
804.9955494995925,314.8311679049613;
534.9296917458626,157.51563640816968;
107.53574297937473,491.62977419088367;
492.2522976496606,126.58049259460407;
282.6381180049048,318.3818616304331;
940.8564001208506,481.3762647931415;
194.69541556216728,60.97341771598518;
564.6032556259206,357.18134930265563;
92.84045158955932,494.95801010167645;
513.85388960364,378.5276759113502;
850.3812856377115,366.42760705205075;
865.0113655689588,411.3163035996708;
883.6996771295576,284.5523441517974;
622.3370764240009,198.32483775710867;
542.9132520356117,179.90128695403368;
366.7713402659987,279.9250531443905;
166.52361342314015,507.4419244451643;
643.3741280473207,325.0225437042381;
463.9948863938893,163.8103624783731;
476.69311434925777,306.03732789224244;
424.79342311856516,97.70754129817455;
517.8576383785689,339.85928556670103;
238.3094427609248,309.21409353163006;
149.14382666127412,104.62096373494094;
520.5355143494737,427.1036513092118;
548.3622946461232,360.90844423316827;
66.90124282214714,244.65327179194017;
228.03594006430927,84.71018276688818;
687.4409140587229,280.9372103372882;
583.571272855671,140.58583031917087;
958.3048872718475,215.5132573557354;
677.4003642207111,17.085118934213764;
495.02078572179505,358.4244271504681;
981.9429702072867,111.57975935557046;
134.0582837066041,11.366315041092637;
716.5589060308155,231.62511924371893;
363.36660026245227,271.440580401144;
798.6583473424218,77.98003526025376;
927.1858289950246,217.20422944639054;
749.5028114294953,137.9167270189364;
24.995045444768927,272.763273906594;
691.0384945179497,245.85665583457182;
878.4525247355517,366.1566479238445;
86.36015989908074,504.9948050435707;
682.8055331500086,369.8047983455135;
679.0157300011915,489.2549189357691;
108.59279432544932,49.83312370160014;
655.6693111377483,130.88647288904002;
325.82402185116865,490.3969359676771;
209.08611737450687,307.10708660862764;
711.7190102058074,409.4522600822003;
458.2207743919846,234.3332810307227;
176.51007730562938,213.02611054872472;
530.8566375807142,265.10348268522944;
34.742612391352004,148.69139406860555;
877.5645586936486,39.070684044674834;
995.8938426229313,108.44024773891064;
42.490264271814894,420.45055225122184;
87.47251783217257,108.01204711829232;
861.5292311505875,145.8265257662064;
73.62371464387695,411.4995959973862;
280.9586937746579,181.49498089415184;
578.0274667096425,18.477020337011698;
998.5057380676388,414.3050972691816;
99.45556467125604,264.60791912703047;
591.8444705096892,408.58138421941777;
544.2006096812447,130.16811268683742;
1003.5161962531968,338.5098791327766;
72.17530721100871,449.28748826750484;
628.7563342470692,224.1475111235992;
566.6066747450108,261.5670856987424;
962.470791672459,48.12064158575112;
418.9231442014053,111.93610919355261;
64.4716139330278,331.9373148900325;
928.0259124701503,171.69302621950672;
627.1750604743004,349.8602945774821;
457.47006504459716,486.77924586413855;
200.51409045177482,278.09715784820924;
52.10148531267988,341.83602451069953;
177.5552236685529,145.926967003558;
488.54205205160383,312.6501229303145;
535.7715238750787,440.2215786475963;
122.70441761765804,259.3557377990022;
793.7841205122123,421.08111382842;
765.148962560286,244.77981076850236;
313.83769292357175,171.8121788195612;
744.1149250144309,81.52179378466428;
136.07465667110284,487.3477877493281;
210.65297386018875,103.9530272947196;
902.090577075532,27.17755797196663;
50.42828634745832,475.27468558696864;
770.0175060730074,133.8164322151655;
666.8103848462172,286.66652968346455;
712.6303362690225,103.69822051762434;
788.1308197748385,424.8501578178823;
433.3125368251629,441.24983568418435;
369.6072823380827,330.8314369947681;
658.9920140941354,31.849819084427956;
662.0091447845338,54.33212079927701;
569.0064895309931,99.32639381729956;
162.60552737559752,426.463654830706;
221.3381480990282,30.13069351130853;
487.45862067583886,433.7519538882226;
26.470824499903113,401.1964223842671;
941.9560908826261,101.50838737143773;
661.1710457823822,141.96820443480672;
593.7435917545772,242.30766028815754;
278.01166509087557,406.21453812298023;
114.86457646641911,266.1350202898818;
857.703215871656,286.30480104703713;
417.7909712654966,279.33608204892346;
273.90204441962584,447.7526746321916;
546.1386035756906,403.76676641000466;
220.53676108009577,35.01396947236695;
144.17622072934188,267.90078739156013;
772.9065010503123,477.90606623503214;
729.4572532407625,15.315827784171335;
787.9407955959034,196.58427297266596;
345.15998328873974,90.52962103950173;
646.4595824118763,338.40351047761;
760.3132715366672,32.234438704988094;
517.9284477920312,42.14919969474561;
896.8609287565733,444.74342064281586;
762.0589416663365,312.51340744503494;
269.49213912131654,482.7173967570057;
664.8904498348529,497.2141386587966;
568.4615142137178,325.83639454010233;
823.273900430059,427.0846501201034;
888.7352332464541,423.3322983561901;
728.582318253298,89.65322926558144;
944.052409620335,26.290576964521854;
964.203159338925,19.06719977274173;
223.91380218466395,144.09842779951043;
259.6722616469157,497.4561600133428;
329.1061884690113,35.59348924231148;
593.0351061506512,459.2628522912618;
91.11418850033591,421.33523463898626;
327.015664397597,472.60798382091826;
699.7537819528421,177.6042523486958;
542.0179897773876,351.65444315158976;
306.2932284080858,481.94674604736605;
867.3297502614756,110.12148765462697;
21.543789373658964,228.25665376419755;
733.6447739447531,387.0403693020477;
62.79018219837417,306.9938973385982;
316.02690947081044,415.7270915253129;
399.03103300813615,62.57069216242455;
116.3926094100478,102.15446691678197;
821.1739535072996,471.5315601892609;
11.050089660590391,82.26897392981496;
418.9274511955658,79.91477799212015;
375.4076297380766,204.14945334227346;
162.22831934860614,411.2301419641406;
423.79250847134165,271.21822825840775;
138.54456630495946,408.37114409767196;
425.8519241715335,104.45224909303529;
377.49505426320707,115.94312400541767;
156.9907543947716,235.9390892582287;
822.9587195368748,114.10007849365249;
851.9640351672878,487.8132926291849;
109.60673321423863,113.86498932102806;
125.10957005121303,294.86154238248264;
43.54493017318971,131.8456313825273;
91.4527921547965,114.70392063429802;
988.5710615671094,154.48209621376117;
710.9277323198488,275.7064355183291;
390.1363656863449,342.99835137694794;
92.58111663269763,422.5314086132741;
543.597979306599,54.1780457242259;
956.1480734736432,403.91322650287276;
679.4348394880255,209.7103806969644;
179.32515161760676,312.70642422703867;
452.1919600245604,113.27721070364643;
341.4162635141685,453.57237581006706;
670.0158141488281,69.09961504997148;
696.1372298271559,362.81778333357784;
159.90704193763816,427.5151022716171;
779.2611975388029,347.19788145271343;
907.3358056774966,29.03847296630551;
391.05904775837695,146.18177037301504;
37.30355334987489,237.59830939142472;
749.3104958736352,467.01387636983463;
906.7211033706236,170.8272147390506;
758.1359956159869,222.80290128927783;
995.799672942686,314.1178966254139;
276.6559094793679,113.4857220498761;
666.6537206043105,48.722851022833126;
880.1567836101065,356.48602396796133;
785.0063362032856,178.0243181216255;
307.1472102113567,267.4056731001139;
173.59340262523037,154.3627126607504;
128.97674004066639,115.94853433179962;
684.2744127964227,42.65387454091528;
291.58685977042643,181.97820693880783;
172.08779081562196,393.07987214742025;
176.6018962919541,473.43312257774835;
910.9497856248388,436.98495481459787;
424.4697001768215,12.221517816748285;
542.5087940197842,238.8726856677356;
727.7247427890788,184.86292628733563;
422.4140326247142,299.9360045349806;
838.2846709088969,223.8070708324683;
737.6821974848222,166.027095852538;
646.7954153645151,461.4772435329598;
54.69815679887734,470.8760036099524;
187.3038243453593,125.1845468547394;
261.0444145144303,230.85681672029972;
287.02004620390665,81.61076683313378;
764.4704532967913,62.21405810571827;
554.1643988586954,486.69769004002694;
796.7393615574574,361.8938936542259;
682.1633911457592,232.5489059352569;
682.5520691894098,147.2841999083144;
749.0238535906122,58.30101623885491;
519.8013988449845,300.6806415512582;
146.45715948041936,293.64256400996175;
318.7140507109376,126.04178595583741;
32.90677440595479,463.5868437864033;
169.74673845896803,25.326819973489503;
408.4057406111426,240.91479380582618;
485.4878249918574,314.5067514543488;
638.0066732466835,212.16809114936203;
151.74992999342206,399.6313356371971;
853.967467366431,217.14588873243056;
47.00373001375801,454.8409905976003;
869.1656390464691,398.9484122405939;
925.6961367925442,147.01912811393075;
378.45285594363696,472.18214603509966;
41.099077599580305,475.7819486832468;
137.05055557647847,282.51849473973573;
516.6040508038014,386.7306158452169;
538.3158531265613,41.395369703854705;
754.1635983470892,311.37962216251447;
912.0132754660222,72.05032886420392;
458.04674873184115,297.2893491402559;
629.0965148314324,164.71788954591463;
601.5287021904475,323.96097488776246;
646.4736955195402,295.60209370953913;
894.0676990112705,351.4118354953204;
488.925080065274,29.36517120648856;
412.8529822479849,290.8351234697818;
819.0780019633888,459.6851811114935;
240.56936659024484,485.0016192010839;
712.4781883407815,28.593513678948458;
447.5418533384366,489.3536923903148;
226.51237058782692,449.3113569019367;
36.901847624411275,181.62953992335122;
434.1274549104511,316.6219551728354;
881.8579302925395,441.05149778625946;
174.08468067900185,469.9726144361118;
320.34134558840157,319.6333257134756;
805.5094193752525,330.61086801018644;
897.8747423269336,297.11838155137383;
907.6376487769852,373.1568873748643;
191.44187490546227,317.13107784815355;
480.1272279406475,488.13226644355206;
143.895756373834,464.5883227378271;
463.687319980948,316.0754219974476;
283.6117748181887,66.97892848036452;
330.34366150873564,19.986912028845108;
938.30319124252,416.14596274534523;
876.4205070167519,421.54123891677125;
124.86041773831491,342.6429978145443;
236.44599419882738,506.700806404056;
27.47652584229742,269.84610575135775;
775.5070704531793,30.91288844621936;
104.07502461397543,174.70608825552978;
572.6481636049992,86.41158211077365;
157.12993187288993,426.8696334064367;
25.529258807581936,263.29735058885535;
650.1718003308803,309.5632957488733;
59.83224876134307,379.22520972462524;
732.0258958777812,420.8871935974379;
599.4616631940833,464.9227640034707;
956.6334725865481,318.3941439234008;
460.4661312007382,106.1557514199074;
233.1964532748234,423.6397858777044;
726.5495057253107,505.14126968231693;
960.6846008495345,252.85576649368534;
429.4871506205105,209.6886464942453;
614.3779487938473,479.67303955548505;
306.4747242821593,42.39005662966704;
311.3908466408723,87.8376378382546;
304.3703142175924,61.97889437643044;
279.5307548806698,509.96163053330537;
549.7834821321027,416.2189995651394;
131.60763892516957,114.31364583636626;
33.64502948192049,293.8560472161817;
235.37478856499214,462.6813281415291;
833.3512717804828,202.5159103217849;
212.33632311565307,430.5037501372268;
947.4723932270643,255.515716444686;
877.6143481460944,386.50242668531865;
476.12685902089765,317.1076581205574;
245.29099663162788,171.9742029912273;
452.8130778896682,17.537029269726936;
465.10971314995373,269.9799243386013;
360.64498699433335,465.98495316446514;
736.4269611456152,12.890546479624224;
631.2729374095433,102.91378678479728;
938.6190317043133,94.76543318003993;
729.478620600059,255.07993612133404;
540.1018312618595,74.18528282198416;
868.0207170433026,412.2077134579001;
717.8412781793998,386.15917956646166;
253.99244015340904,499.4373429732743;
638.4737240219556,78.49411422290174;
739.9169945934735,154.69182855232543;
130.463703071774,170.86532705780076;
858.5527979564325,104.19378939652672;
449.15530757789736,48.452082541770295;
491.26758684993086,286.15448690149543;
737.7860713968786,11.757985031293929;
259.1377009080009,247.29372586711256;
61.799089240431414,40.596524090101994;
234.92143170671886,343.0116791438989;
291.4436435086346,374.7876801813075;
705.2069626344008,281.57398538779523;
820.5570463301193,105.67244934768432;
158.06406716717558,17.056551973585513;
350.02489888784413,442.21718942546994;
278.9899358151524,215.10235469566751;
1009.2109891238872,287.00828104607615;
234.6568879876364,228.8977590584989;
658.0237235731962,385.7858476875387;
436.30577217563126,297.93332260597236;
425.1385295331916,321.1524086722017;
523.5156667602758,388.6422917184073;
148.9728354555113,464.7187032865642;
895.8194364229386,350.0067691146503;
1007.6064950091916,59.444059909099;
850.5233880216008,80.677587345035;
605.1243818722027,461.7414024534674;
579.9839588627426,104.07484743525873;
430.4960989125239,354.4025531406502;
539.8955372744535,342.76196517094974;
552.9836265057672,230.43470362409846;
72.9800332496292,254.75580661745477;
259.45798186242087,124.61105924054038;
887.1505805356467,144.05637103529716;
500.6865025584043,138.19239035928902;
415.49938961967234,75.80265180813133;
214.20450937452216,451.3142133089801;
979.3483199892529,213.57445567274897;
570.5683840857305,79.68724430737738;
961.664119169263,15.148172344017599;
188.25600630548288,250.97028035052952;
896.6181580110476,191.69763309438187;
21.904499090924837,402.47215048860534;
514.4383281262774,41.894722271804234;
734.1171744895647,390.69512382218477;
571.044735018567,440.90634253115473;
281.175896937803,269.52520481250025;
815.0637137221072,472.89919277012365;
521.8317400146803,250.84131739932312;
88.15871779804718,105.00316523448393;
170.4370593092157,222.20077557164197;
204.98226519988148,244.96662692708153;
547.1934946109626,338.6718164364143;
514.1795871852152,383.4273614979467;
553.8517920579122,283.2458099059999;
547.3208523213563,70.15400800986193;
694.4195135794735,484.50325026943534;
855.0909034255264,270.1777534774552;
221.3684376422492,360.12549385456197;
96.4314885416223,399.7835942142519;
433.7696320559121,295.75152976394634;
54.8008367152567,90.35070912644737;
291.894761339651,251.61657626087606;
979.494446790964,417.26768866808635;
358.51507646976256,38.29237659851608;
169.72065632594624,415.34689874714405;
149.67463427579264,99.01395071505164;
637.9919292886074,239.6404652452012;
784.5415450351429,266.0637686595028;
759.1517454884689,40.84119624650672;
412.9452534696543,85.05697825824097;
995.9282100375708,198.41817185712173;
862.8446916626618,95.72466189516909;
735.3169397488542,462.1674533499708;
125.71786920565452,399.9206053655159;
498.80910537088704,121.16822569796147;
588.0648710991653,165.76322272651427;
392.50770538454384,304.9529025712102;
861.0290551135472,318.8366383229871;
690.3571236844674,485.53536573239563;
763.1702984925323,446.1322572084572;
898.8238991799848,36.60850498088235;
586.4131744417564,230.76482322744917;
237.7023963560517,77.82033872191762;
725.7465274284749,323.94941185929474;
541.9502586075093,271.7217394784147;
914.8010577910138,432.887014708247;
978.8873137604425,23.72616604153587;
500.2752331152523,366.9386387819741;
563.3049841691363,419.4003602495951;
580.4984169359109,460.0692311789793;
523.8826547689554,107.03385341728627;
610.262597667453,466.8025348385974;
866.1989584049761,135.08524854084985;
865.2235385357866,455.89089340612037;
799.1159139632397,274.30201682122765;
125.9489803569309,372.9311942382679;
606.7679162175656,120.7934762549611;
992.8292579519192,306.93481251052873;
56.40453062255556,96.30802009456895;
649.5483845203482,262.64994456348813;
597.9072840533223,322.05632325375836;
113.90180000211669,126.20413076011744;
811.3997664175029,257.1251925123452;
323.93280123637055,110.9070204200534;
733.2243383910285,116.3111055293542;
700.4160814368374,405.43054027107854;
943.8349378617563,46.623047783851725;
168.38988854390433,418.5561788145952;
585.630767680072,360.54225253299086;
272.60830364117004,19.785185692666342;
480.4851179174262,448.485785738839;
480.1092676717592,127.51064995420052;
733.2011297908862,491.46441554570174;
364.0253204724735,311.49688225517343;
794.7495771183767,305.51271932537435;
755.5986891172083,421.4759089745953;
248.23612516966784,22.689301301013256;
296.30459201790205,310.08493172397255;
744.2136995318224,386.8549470436022;
805.7876430295211,127.055447540174;
262.4131482017281,311.601194562301;
971.1373709478786,450.9650619217387;
590.1372034716344,451.9646346425242;
736.430095892613,283.46080728792384;
75.44219486196023,164.1229150637511;
11.628318355856194,345.9088312584181;
341.2359965477983,356.7905302717234;
72.80788822667371,160.19930464913662;
541.3955721168434,447.11598438132586;
120.89942605146841,233.35191593337512;
496.1258909909816,347.4281387017686;
550.662105119418,463.1976247000989;
52.24785132320563,450.0223320111004;
747.5669752331644,359.6667409244946;
721.9353173326476,306.221178135753;
919.7132155339301,398.29555188531265;
592.2077553608211,507.3250738680594;
645.7821589477421,417.01343739762154;
244.9156879765535,15.091653339723667;
365.3030700020735,386.7492516821189;
259.34575607474164,269.77136760689837;
453.5269577968162,258.9325139334434;
80.02783365198373,161.6125053772977;
838.3115647274093,368.70163378568714;
312.8431998152189,150.63654264628767;
412.71647177008,264.1479979759537;
816.6296272344647,191.2399606485381;
534.0715532247816,436.38724307894483;
606.1740952798788,314.52711318054565;
322.9663604593237,99.93945920539865;
668.5088168667722,327.20136314016423;
276.0902700630341,176.41220553385605;
423.5434798161338,178.3092166693355;
475.77085377677395,268.5663808384506;
435.4162823853637,289.23607449584205;
1002.013122138736,95.68395089380643;
351.68122489885786,239.39372424172055;
512.6730736748402,166.61990501163504;
1008.9852385251991,489.670594558359;
634.0294145609116,509.234083649295;
139.258776353972,281.113483357361;
770.4965409066826,159.74681154783752;
171.74077471547156,314.26428567438546;
703.4401888103315,417.3440873674485;
714.6779911135884,156.6598129658632;
834.116295162851,355.45450250299524;
585.2883234463413,325.2505514676686;
436.17399382696766,24.248039505223964;
195.23773267473464,417.13918567069254;
454.0005927210281,360.1767702017332;
667.5141984753085,84.15247457432605;
303.05240847450796,309.5518702356089;
582.5486024340094,476.47568833499975;
179.97371901363013,33.16461104355544;
95.04388325723133,283.48120365591234;
867.0327360000365,161.78681832946322;
162.70720981658837,127.15409925392322;
140.80666646456308,29.24731449914224;
843.7531298061383,72.11892673207525;
414.4464410130648,121.38884400893079;
54.60921086480618,449.8487413695504;
