[Boundary Facets];

[All Points];
444.16424592634814,376.4717862433429;
665.5559923975803,75.96344668993143;
75.44738662003624,119.9470887156312;
378.9779479723422,271.4150579500853;
815.0913796282358,140.3206068174596;
822.989191028637,474.38471200785415;
216.24595870769312,89.9434488256619;
569.0167068454041,241.45456504354468;
772.3507938108079,318.1814283195928;
457.55145698683907,388.7706667469836;
900.7214494086766,447.579319198989;
670.3028173565854,385.7015369872943;
841.3463528989379,310.9204154213456;
231.51055783539232,352.76371979412073;
755.7032362455201,210.4370550489748;
32.19684376339481,310.6877414107469;
215.52038453692478,141.3777081592346;
916.2979764958736,463.293874741232;
973.1248223045604,480.79692200608713;
828.974184011827,476.58662734555276;
900.3745538143459,28.319867368381537;
279.59260505894775,238.3472817700846;
670.6473218511264,505.51214250329275;
904.1115284830838,457.0141290662844;
73.07986318758819,179.28957849928767;
398.67991713310425,251.61915718060828;
401.5837066937533,170.69699274982202;
930.4726723706897,209.6649694169928;
301.7462278974441,266.12678431084913;
574.9849537793552,238.12374942992568;
45.16158033254091,343.8776279385441;
507.266012066634,86.39647456056802;
784.0702634168542,363.9148455404953;
409.90061320180894,413.7985565756922;
590.1800303789821,320.34049861657155;
352.9834294230224,148.9353872218368;
292.1514716836274,112.32542056496885;
865.9009097463403,362.6164366559359;
645.6120857087118,267.3852230648287;
712.3581754782819,507.7203959489018;
98.48719555128926,221.10863967769515;
803.20251666703,101.22875733155993;
756.1363717978569,500.40651289737605;
420.7268342644207,448.42673309828126;
362.32887855456664,218.21131262598973;
304.69581875185827,498.84948411697184;
467.6273767201856,211.58835327613872;
779.2680800722677,90.41329512212842;
627.1901043864912,226.4520976931874;
650.6363927661969,216.71940541381028;
819.5519202831426,90.23353981674408;
470.1549392314855,179.07612701551804;
781.0174860254876,342.7658195762028;
290.2117382321225,427.2412909471527;
438.9323438495873,225.28311233819076;
343.53751246640763,183.62740969494263;
312.1667641047586,379.40073149589847;
483.3753473776092,35.08493641993098;
274.5647300725841,299.43828284977116;
220.39342557101625,209.71763696180466;
71.79114378790297,200.83201983553383;
312.25701385653235,502.6555229185384;
461.67148239906106,227.97975335613395;
750.8837739009923,418.9214426391863;
512.0154718151223,12.88797149699871;
380.1088311265267,384.6454767427573;
21.346420825328995,402.24437864767737;
79.82800698024838,357.47292244737775;
182.4386970097027,40.27406306253228;
351.81403412516266,232.00493919174625;
990.9105216122348,400.7249183802179;
710.2434459237987,480.2354383673309;
452.08945501037886,298.3617258415893;
354.6433770721635,320.32471740934653;
687.0862668030765,245.9874175855024;
793.0805608251941,184.91594631392522;
996.1035603188332,475.602782762428;
553.6043453114349,373.780279398886;
986.583783911206,16.7174646194868;
512.731580033495,93.49121014615807;
243.23098674419273,227.24689059878477;
811.636682450945,102.83743829503021;
757.1352420388431,354.3234866367733;
896.7408371843317,47.259045402805114;
50.81396307463958,209.68050885320153;
929.289911241307,268.0939955631367;
738.1946861889104,379.57600336725307;
63.17097266538895,47.50840039257092;
323.9189105750041,374.21131070923747;
247.66181626161142,72.35124186548619;
160.99961546904962,124.61660245419658;
69.58044076306635,373.8028352535228;
123.63464174766969,412.48216115590867;
262.71723587406655,64.00285912637077;
938.3074356407375,318.99721321944236;
247.92282791585316,316.59630684846604;
775.842308461968,206.78208998833102;
522.9317166546128,157.31762015142291;
412.519228419027,72.17027163703392;
604.1356270122718,374.7192307871441;
417.3930449590377,20.962613826542732;
535.9822328399299,348.31469688166726;
260.18880771664294,320.4710013145826;
125.08407192423763,252.95924443251533;
180.76956847879345,337.6887416389155;
214.10106453677034,226.12501847031186;
10.087539651626223,163.87684848986288;
978.2928230054164,328.2858569104298;
111.35635402398746,88.25862058801847;
582.4013239086477,446.3502176198779;
221.08973962437028,398.8716793547692;
245.99578619705707,312.7740029217099;
402.45447079694884,427.62588152235406;
515.6045514699487,212.29603538066183;
660.4872842919417,13.736947661363455;
372.0790192400013,232.0142671820558;
997.3100826834891,355.13633101964535;
658.056124106319,420.2785437507154;
229.3264666378395,324.94131359423125;
652.9329697618729,199.0681593322361;
947.1102731404443,119.74696806630507;
203.9925611045904,314.3011081073782;
848.2290507008196,299.9491775178169;
715.7968316143636,211.5007089510276;
408.76922146888273,322.73512556402375;
596.0408313895323,35.14882953627229;
400.67389604760973,320.1327834634824;
759.5750493316683,134.1348234429434;
271.4299401632827,101.70753364170392;
185.4744868684559,408.69078325054255;
82.19534953388606,239.51729788757197;
501.8780651864637,409.1799156875862;
887.5183284463388,293.5981941323534;
298.16599191176107,189.5826778847337;
302.47511959029373,484.265514651141;
532.1217843266672,369.1951749949522;
779.5334733521192,44.49497261535706;
130.64524357500807,409.7306316208004;
936.8171996262007,311.67269141245526;
315.83205961519076,454.40154376397555;
728.4621682077602,156.89351049860565;
154.33624795672884,484.54169326931674;
627.7010866359667,268.5078596938648;
648.8845575296383,108.01480579735849;
257.72357514549185,369.7326256803259;
626.5222701135325,472.8606771558227;
408.9916539582512,121.27599514020336;
141.70342239663236,92.4195487461704;
575.8613617044364,268.3235668165198;
176.98273433194933,396.73119143137865;
578.9933126329965,288.47131594160334;
214.65282526024032,496.86182179351175;
137.6241164777325,385.8553068763792;
370.1621719966166,67.35789178758021;
574.744137758451,279.7273388951062;
801.8470656617227,316.42668541172634;
256.0146362862119,426.35852278932174;
199.8649810710391,170.06159426303813;
130.73577213837905,302.7965590691176;
742.0221603316517,451.9996660436082;
355.493103291766,387.68347806351187;
123.58522599078601,345.706244009854;
283.5985856123843,378.9412737445907;
956.5308139603613,320.68809978383166;
85.66667030004126,376.52469229522166;
693.9977089142043,186.70196605010608;
79.01159395563927,138.7380220066064;
312.5007706174918,97.44823567774657;
549.2005514241298,195.18206056760644;
179.49294190974186,303.48901266435917;
999.8700715032138,27.77007552216875;
434.82559938939255,144.6018229046101;
768.5545483442785,390.1334743421705;
583.7236382122454,172.33333927033556;
24.736774210275748,99.40990886654603;
251.82894293657677,143.7730870023694;
138.4216205559604,465.94723723290826;
191.66010336450222,199.50077005341544;
390.9759703310627,256.36287726177443;
97.02628393789136,72.94682837730502;
341.1458317120574,144.89535860361323;
760.5925771519342,369.60342865360894;
456.48230790999776,504.9116238443378;
135.27916443321863,254.259941055759;
740.2331031916224,110.51793785152235;
541.1038190030666,432.2476687842627;
618.0384443798433,120.63967066573527;
720.9966628579324,404.06338826530015;
352.2682553458134,287.1869719272223;
739.869343778154,105.21541742332585;
77.35609864087434,97.17076990562411;
362.70628084988033,148.69711240629422;
90.8859311512895,241.0252027293676;
202.3177544682959,275.93738784688895;
434.5612343159829,214.86317885528288;
309.59053745849985,318.1242014630772;
846.8478011612759,397.1357492193869;
607.5133390190853,323.2172046791831;
508.87433171169926,98.18434728808377;
841.64443481947,39.70737948422891;
842.8464136633942,240.5593503046966;
74.26800840908598,397.0729922332054;
505.120098188241,401.1935069369732;
705.6619935326212,417.99827838663845;
373.3513867816073,354.91541333528477;
579.5198841053314,506.80135127183615;
561.2195183801687,220.91679510381445;
738.5107845104087,27.78026916600256;
990.3324790131359,353.31073877258564;
126.71835938819042,122.0981147198522;
636.3938014872874,114.49642861279939;
788.3773061007169,88.71249907486366;
196.2487760566195,215.87031869374982;
909.0512691520734,333.7486370416618;
213.3676036717108,126.71243611182547;
471.6181662178572,206.43435197109332;
829.4314546443615,358.69211988166614;
62.00775820639625,359.7212345341387;
664.3665708811182,48.28781461998837;
293.1900529431209,97.01538314584961;
659.7748434427633,470.7950089572331;
883.4163618802245,401.8560638021386;
945.6155774795347,435.7576493158555;
515.9475905834258,275.94446075905745;
252.56622370541325,455.5057331677592;
270.0199883877803,376.94303342184537;
818.1636861055189,372.59074214042556;
813.8456130310707,48.4019812681114;
213.52771891239706,74.42387059245807;
724.6682576027285,363.9562630484749;
322.2811335490743,219.94316617924324;
937.5622584621082,332.58813899930243;
850.456691293175,455.23126332086935;
229.60064986607497,250.9882721494177;
161.45898955434856,378.84982042406637;
505.67025254496156,387.8564578060656;
356.08866344851555,216.0161220001503;
821.3091594677227,167.88192690477953;
455.05958226628707,334.3763508307344;
793.9090699751326,470.0040558948072;
809.6257644913949,490.2244021545103;
617.1194291796248,218.94359314504158;
316.8845004690464,396.2348943289572;
186.52197601709497,227.7944427815766;
768.7139582245608,53.88875718213525;
662.1091973249447,269.7973960143176;
675.1169759122907,22.438353052386663;
152.36229248564348,406.71239095383896;
779.1069400745284,366.509531375655;
201.3568246515893,328.92549366211244;
864.1352495457588,443.4589260710716;
670.6028105208572,377.6165598202159;
716.3694532388278,67.01787925051266;
174.1150573539586,14.801897395335875;
509.9778245675087,462.07884487641047;
172.28105088031953,333.6429619722661;
440.78555663917496,264.4839425889212;
567.1712140706095,257.7586333102083;
450.6834843829002,373.74405005145434;
647.7966033000371,129.6406852421959;
429.7481012895973,174.89858253338153;
437.4330814755756,306.71844681774337;
770.2435019158295,222.34206857228082;
259.32473644487027,319.66474196657583;
934.9229522184629,230.86534809819176;
339.1589347324417,216.4809004876707;
143.15782091505935,273.7027071840331;
49.32653162853783,324.8875880809287;
76.03665488031052,26.16889637293567;
33.56947129383946,291.8395108961843;
310.5129919721157,482.181530746386;
982.8091745969971,187.3078313194914;
74.18975506297441,428.60825792237756;
684.2841915237428,92.80879010911791;
550.257954557191,505.06692855831744;
55.96661499607424,83.11268996686742;
276.4164168350052,213.3939333882298;
683.7209675404829,183.35511405448295;
155.91303320055337,314.70804783349024;
431.3498900624164,131.86879872604408;
504.0872127826409,221.9235838500781;
670.8227228166037,379.73762798738926;
679.6066541586637,324.6498875267432;
552.2134824462147,141.0180789049808;
504.44812275846914,363.22792216155227;
301.46008221227993,34.70414765704798;
775.1960152009267,343.91363345905967;
764.8827635259903,205.1879226411629;
482.01318517711934,28.892551045381623;
495.3248730509648,413.34337730890604;
578.3032718600247,281.76608342663417;
551.7246650651235,257.8340886686703;
956.9807150123194,221.8061960045187;
377.4342459465061,214.03076477078835;
241.57742865446195,71.08753204409162;
351.56732041494377,39.99932605300043;
393.01871523640693,394.51789812358373;
221.7408848594423,460.7334679863049;
963.6585133415766,329.01831205246094;
250.4398329831776,76.60820658830102;
241.78491536114342,388.60666875499595;
210.81550664253334,226.7598651682063;
407.04199413606165,81.91597053729376;
653.0173150791807,225.05149972214798;
967.1480254834304,505.37528368752464;
919.0732011879677,124.4730945573727;
226.52903267546387,425.94482644476943;
188.44611890452322,266.17625541558385;
618.3734285573662,196.683464172402;
79.05658445742114,479.0481599112039;
635.6287046404958,467.1172005971385;
412.64170107031094,502.3733553166928;
498.0161650586472,24.780178477761474;
515.3381739494332,124.20915864467668;
172.60433576464283,125.22207273308938;
764.0585144327932,366.01381088907;
405.2349201264481,484.1985942554371;
109.03445034695847,364.51891257742983;
224.0415777471729,187.19168561109615;
752.0599705500238,259.1283578663025;
517.5560347886305,168.1321100798362;
708.6526314456305,221.63575566499293;
768.8018618818755,326.91168189713903;
646.0002326580691,487.1945994740245;
863.6138838504993,195.2471667219181;
601.9119341205468,241.37096328433282;
151.6402605060977,248.1774783313473;
875.2953987499089,248.917546781873;
377.7098775715356,347.5225626902913;
616.9578495793719,310.60027080454245;
728.9941124885506,300.5917077745105;
1007.6819061666079,293.49669974668154;
145.31285719609664,59.614202525461;
446.91697216506,76.52834094022164;
577.1664439291366,175.09794960822416;
349.7532398696619,273.41426960657174;
194.18526237640498,472.16235114850406;
339.1402494414559,218.94825742372103;
186.1619615376865,102.48910452426739;
438.3143303520179,297.6156253446422;
1002.3410692127209,171.12390134180527;
816.6787597677613,489.2309067837919;
220.40335425696986,300.26339671376445;
424.729341196414,180.558897748613;
999.2809890265502,89.06482406178239;
897.6566730956516,374.1267356351831;
615.6020183775294,279.33667623398867;
606.987240780848,34.0790855331629;
246.09239602524755,194.14113541860638;
219.37353050282704,291.81798992609276;
374.2632056613305,114.95577292872204;
213.96381654765418,229.12515604173427;
672.5215003639205,42.72925482319733;
517.9690451556817,499.67756587529624;
894.3374389170451,170.37669505183706;
297.83511201097144,256.64029499003163;
42.56790699206202,135.58778453805525;
185.70989827676732,330.2170225671234;
852.3957025936454,177.7349247898597;
128.68964775065336,408.12520706681454;
245.59705947431308,12.58507878344022;
133.858744399977,283.26258076221865;
76.98120340333868,148.35108124903843;
544.895063963148,409.81786483711056;
955.7336943349162,213.84143157223633;
597.1908935437463,225.674814156143;
90.18873203839571,460.9779659548681;
733.4927016107433,378.7994428618237;
322.63449339741913,397.23546172897346;
205.4703909392006,92.8972724065838;
995.884639816234,391.2337540372064;
614.6838251931105,294.66594555498517;
725.2659521955113,476.885453773991;
432.3806578156473,108.47093185142374;
865.0298189964494,403.9153596033357;
400.05876680710327,338.8275668442614;
625.7806913364503,433.8354178120069;
626.8248881179716,86.73672509970353;
547.2207851211706,431.13695613558747;
62.69213624369529,441.8262660547826;
883.7179402933862,420.27117028861676;
242.16681095129988,126.75403658778855;
177.57882207959773,261.2664034990403;
376.3985446175586,508.1735293764425;
315.96391431930834,116.32324518018177;
314.5073685378197,345.08777188534293;
549.2112777963625,343.60187783454955;
555.0768561565121,154.08530913150275;
830.1803053254758,298.56975424955397;
483.49012704022243,482.69388849632486;
944.0761673654389,406.44280034440004;
743.4063941105145,47.91117678243583;
575.4422839485328,409.56706483661276;
891.599357639683,497.1370677586142;
794.1642210029179,330.4664802598005;
509.1672110553919,428.5767688760627;
522.4616903141779,237.69723861153435;
67.15637813367869,259.45047592492335;
450.35366346702466,451.74169515431436;
778.302187322085,27.618858260324444;
786.9202957375379,48.3311825413179;
824.467931168396,86.75251183907817;
372.3320303056512,493.48056416403676;
161.50085180624762,99.57090939534368;
185.8825592008686,172.27465471677795;
433.3897129496731,388.66073142349995;
593.6240583421556,214.3531995105532;
611.699622693065,14.820442249382772;
787.7957301455007,165.88758853126893;
839.657606710231,19.023685397185453;
984.0789652375986,463.15214086061394;
544.8338336021237,318.17472652897817;
791.817537809684,379.17595178509396;
700.0216015564922,247.56571576865827;
833.0916277846937,168.0323253015586;
199.42110885865205,66.90278838257095;
566.6383795920311,182.12253346019412;
921.6318311409512,89.62382678803576;
493.5836222933149,48.7118103227082;
920.6703408087777,424.0221635719857;
200.60467264352044,362.73678367522064;
846.8619864217861,279.5091257237662;
956.9856586237271,472.29844901805245;
711.759693814119,424.23716706886;
99.73441848580154,117.83364942810842;
34.46199136377514,433.53472072357016;
108.47654759390367,311.5461413267402;
342.8693329985163,211.61501883864142;
647.3125537359015,480.8358015776757;
345.55723189833964,12.848825437072877;
833.4518204737444,452.48294721107357;
559.5697525508755,447.0948211592839;
184.26805869350892,274.98168917459657;
361.8365040077308,169.66098048626358;
566.4456067330602,490.39501683097507;
346.1218507612914,203.23703667124687;
338.4940340438951,115.85015368152372;
92.7040212159682,457.67594405529917;
92.38305619377296,265.6122001636048;
59.35324086171489,181.43084899862365;
853.8770759407506,127.03327949812797;
618.2386289145466,333.8166253816986;
398.43360106274594,139.51455344932188;
27.066529726551206,469.7255699586638;
769.9230499700956,47.75020285966429;
844.7610598765222,395.792156789498;
727.6135642469143,418.12986803306944;
152.11160281131208,361.5153153897581;
680.3892751535743,91.92338085082746;
981.9789477712451,252.59057668334128;
422.0448043375493,457.14942173273573;
153.79760344480542,425.0004783125543;
508.4672362578192,354.3544468212279;
776.4535752853221,121.02857529431331;
983.4019185249653,426.0574260513023;
626.2413407238716,227.64177270997226;
65.96087148609729,391.8582017059146;
100.09739611944279,454.89049506210955;
406.3385484517076,45.82450216888267;
132.37280942224805,116.84987948218361;
56.882187736779876,209.83898484189905;
152.74672120407894,73.64867158191295;
636.838500641978,263.92467256018006;
579.7117391596564,221.06925167946196;
914.5388813950156,447.5988244438452;
977.6428272801813,415.7892936500142;
964.0412570370769,326.07009932373006;
1007.5556584099033,499.5837101743;
898.0879889298352,378.50606408970646;
88.33209964976805,409.53976789077404;
21.443145735680172,119.37831305645884;
792.9714103707458,324.95220429099254;
242.73400697534407,81.74693633911284;
682.4640568423927,366.08233845515537;
732.2592626330267,247.7690281900915;
702.2149906963226,83.98661202741003;
121.77690469399504,365.3761201648854;
637.2068869272885,491.0069437102327;
649.3205267024986,337.5645910196383;
461.0252924888395,353.3213169855929;
89.43454502700453,421.71637413589826;
726.3981667094877,130.49979304745085;
918.4160072423074,163.54156252084405;
683.3960765428714,18.725687594164867;
463.1473931132238,392.22799914167047;
888.4401407799771,196.66146034856624;
23.21552148207794,365.528872166492;
890.618215164406,68.23148740132395;
530.8354541338482,357.0926784775979;
515.8469173811669,418.64567475034124;
192.02694190254908,199.24732702628845;
955.5282776832313,458.1458407997397;
348.19440471184623,264.9079452858067;
577.3307106012256,115.58371271263928;
907.5193109245479,329.56131095662846;
989.1042621861232,248.72415416426207;
963.5582863620182,386.7915252303039;
921.9234607557116,44.00286156944371;
411.9356557829791,255.52830065688298;
337.0116741037334,453.00675232823176;
263.5554231790794,78.86779423733697;
608.9665600696701,490.83387357457843;
412.64314195539464,489.81850692067593;
571.5364992719868,69.26549982941614;
1002.3628032833957,289.4382611797206;
447.7895929384954,165.42670040145885;
979.8600492630695,106.48751880653722;
147.33113682259278,307.15962112408647;
402.5365519472251,506.2713234037272;
474.15728374741184,371.57648729454974;
98.86196764455245,143.36623261065577;
319.6655891363086,75.23364929595787;
140.336618883231,466.9647160626988;
57.19393502971292,77.53696981317292;
338.9976735697723,121.48523740039235;
78.05041356269848,476.1113865681569;
550.853480113897,175.01993444252656;
108.81174445132824,382.53240954495544;
951.3580317255778,355.95464897397846;
778.4815543199785,224.13086984887153;
364.50622201935,219.45259073653315;
441.07143783755475,370.54643397383705;
47.50394491933851,401.3541187586109;
341.06790202937543,331.67275064252954;
680.6723919823448,351.2554849022398;
671.551522958136,75.84485054513206;
973.6735807820577,302.98354352538354;
284.1519695984476,258.1716843406065;
138.73749847098082,377.19798370443533;
166.80277461258996,325.23623710795454;
563.1475985962887,399.7911020916675;
993.2465804609261,415.8038271103571;
795.6691820785668,438.5353491458862;
483.62497719515807,157.91892805270356;
378.2851937809494,111.79854968886082;
567.5129662155247,500.9517370854786;
208.14326469295528,282.72182025743865;
62.52393735438543,438.2350962248825;
810.3440249261143,372.62337364606054;
1001.1783395364704,468.9967847371128;
1005.1032657896149,144.1426655728089;
613.5921255920499,449.0107354412025;
626.9053750539849,287.34471505623776;
450.82218170479814,292.2556037331625;
799.1227022882981,249.53511354571629;
470.8303252646073,223.20773488481504;
785.5146175037119,122.73400764530066;
519.4823477904375,222.91385997554923;
73.9824717603804,73.82168105538055;
379.9927539463185,397.63464836134847;
116.00923152315988,288.12349736055955;
565.9909168422316,221.77753158315988;
441.8557036038081,51.04597528283349;
497.54960093897006,174.05447506034997;
404.9617206001016,99.64985933445318;
224.34870984683107,453.89690848120074;
957.5828979530686,241.3616293897633;
905.5320445393314,332.0069322643922;
236.73875112908593,480.2152473370535;
763.6531394888713,270.2502032384455;
529.1768013887296,249.43649445529803;
474.2892475068559,347.9102810599658;
900.5478676127836,190.2849363365458;
580.545976357682,164.36314341067202;
481.9886549368473,170.95374007707986;
936.9489127169383,413.17448730336145;
855.645097764628,418.1641353856798;
86.75108941689868,326.95850252137996;
242.92016464646537,442.87125895733027;
456.81606486757585,22.209018350763436;
369.16050916267596,322.81814087002414;
516.076195796518,499.1993648196411;
776.3619428062973,363.4586232938308;
948.6568693182313,308.10587119547415;
476.6473875253665,284.4210580559138;
216.52071757450184,38.34425248602673;
555.8433909507277,24.018994497881188;
781.4685305328608,432.0703929277188;
62.36738792228679,500.35451564504075;
193.70897416034813,256.71564874298633;
322.7509308702295,192.6919990513689;
798.3921943869359,444.50550394694926;
670.5132508225416,423.03998979060185;
149.23907424358927,479.2751723106326;
188.84536585824128,75.18712387259652;
347.38858876403697,253.51346302202813;
576.2703204486634,120.77559436723355;
686.0024572543246,328.09141234005824;
315.4518517750853,283.92519349528396;
544.889874060338,251.12392152310497;
441.3025248275244,505.613673089759;
196.34167856023853,422.93022292931425;
661.7721707333454,461.75307240831563;
385.0834142714717,116.7150809532203;
383.25255893721777,427.8228453174904;
475.48981538648,437.73404996014256;
222.87573808494253,494.1647122009943;
943.1642905573259,30.969311056157515;
98.5999528176804,400.5264156810321;
847.7323678358773,48.824802000884006;
118.9760851018996,452.12235004110835;
451.9788893481431,397.9309787076095;
140.63260634183328,482.09453395642754;
27.294884548909593,332.3604060548708;
107.04003999963984,152.3845099846594;
559.3166245289589,469.8954548051925;
367.4911608202556,198.97738787044915;
799.0467088614997,162.89633959844457;
493.07485892078284,145.69559762721445;
921.1916864681763,431.4634852014405;
479.9066363733957,58.15435118867356;
117.74693005596015,367.6794783777521;
688.9860065114607,107.8848097606329;
325.3710242223976,32.962363566127465;
956.5474884913561,42.493198541017065;
756.9904062668077,352.32560259773055;
812.3446452546558,166.78184222055614;
220.10813818869212,468.83639511652746;
302.92859830555926,181.51632953214298;
148.04987248535207,119.61474497419205;
902.4335426799047,139.4549478700253;
728.577330854177,370.45438166630277;
538.9758181425406,117.72849789952477;
463.9213466476389,361.8161122295923;
211.74920604337575,282.3943583803895;
52.17894251013365,265.7058258440021;
826.0992794355868,138.96853673781607;
507.76812276258744,435.2411229536964;
139.25049240735876,26.743133670503006;
21.17614273995371,485.4619787762249;
247.47744513756354,152.82054368623938;
975.6813540564608,507.3816320447512;
75.45167365859893,249.00259044171784;
729.1440643328548,444.9060645858098;
741.7775744551815,43.74559995694282;
766.8418595256868,426.8020682742385;
457.88674496979843,271.42428107452423;
34.62568214646743,136.51901023538065;
220.56099987548404,71.56718287202716;
829.4831516892515,381.38426450643675;
505.0966126396458,196.73083309378507;
652.3420445223636,333.3653653923008;
605.477911964555,461.0453624543901;
512.4906394382897,264.21878891978395;
567.9124492996646,465.55105919314207;
89.79381059523594,394.47422976792177;
849.3884631240984,63.54125386974295;
297.8333761327855,271.47764473172805;
110.43143677906052,337.5256352420853;
92.83060169806112,478.14551894832147;
925.4332217023473,382.4654624510437;
770.3661910508042,20.452520803752975;
339.0951076900982,140.44954000562896;
838.2411909256634,133.25944109732893;
793.6840956796909,447.24762505185856;
459.87060820694614,253.13826492130997;
882.6265866597165,360.6827871162299;
189.78893832425624,144.85540518772888;
135.81320622576186,271.71559015994535;
126.22268357965682,87.87856712683711;
574.1944286912379,242.44861421334278;
365.73589752367684,218.78461114853624;
434.7020843075997,48.84404120906149;
577.1128214657612,283.85178259268304;
168.4144498101022,96.69168026077467;
835.4276664622377,322.89245524252465;
926.3024498696493,81.95049303525053;
942.2152101327896,441.86973011700957;
279.5576021620577,87.5722167839828;
538.3657817019961,382.8303154658553;
397.19450636272677,148.43791842121976;
909.2272895129352,309.96287716882983;
69.16140480241272,274.5433908060304;
569.6985627815083,270.2932241707389;
948.629552860427,194.2970659386482;
312.05462790729223,392.13926339688254;
21.33963527940063,417.2452887519402;
952.2485327861555,78.6482229195024;
149.80835159175987,354.15277796401057;
974.5006790916601,150.32626514373214;
649.1802714266291,263.0096670589603;
300.8777295694176,18.412576727176102;
512.979846823159,354.72448852257867;
762.8012285589648,328.02317210650057;
337.6089567863277,476.03526352623567;
874.4966641521947,241.7519497970668;
137.88888750930604,175.50908924778628;
524.7959182462865,158.87595061265725;
608.0749704317864,477.6310937357277;
238.41837836984,331.4706097561193;
865.1127629173791,192.96024464745327;
821.8054053994806,505.4795313746507;
701.5207766799424,391.5138309176138;
758.0672603381514,299.78433567821037;
70.43732621057285,349.5091234227675;
451.82434624160305,156.393294479428;
328.71959867233926,142.67124879193827;
517.6277507553457,29.221219097920905;
1001.0734364578676,446.78281089240033;
819.0798142098041,14.225197095357181;
561.7405524460257,350.06694730126634;
125.60882446010912,224.66781781565618;
683.812588615845,315.3107566051367;
266.45011045007294,309.3335168962257;
634.1022480247492,266.0134905589186;
331.76245572399466,448.13818733405554;
873.6533990637226,10.171595577413807;
749.9454131755726,431.82165009842225;
381.19269136961606,501.05139950442407;
385.0048301003539,103.7014311399026;
824.5535097412076,420.11646428454657;
973.3831812145713,79.16856242022229;
782.9499783777975,79.01365496663658;
287.30389494686034,505.47621018173595;
66.67498118648317,105.6489133646507;
807.6110399651973,427.1760654990276;
833.191748111506,448.1249117985088;
755.8280824988504,397.8383410622828;
853.1094054695398,430.55783798784705;
235.82184866693623,126.88574304913108;
552.7373410296033,438.49546438182716;
227.852422752284,142.59378512498282;
524.3238564822875,266.188928813125;
207.2390540970238,288.751769403301;
721.001862700473,75.74499977317639;
928.8347220071105,334.36502555006933;
469.77817014117915,111.38806339076683;
682.3974169265588,118.12675939692046;
828.7963566248781,107.0649554997532;
536.7842278902771,469.8261883227578;
555.3435486803754,48.19450648463063;
768.0570233075512,311.9882160723378;
491.31959356465404,468.97122727827656;
957.4867805372655,495.2901142528391;
161.79479156301457,325.0325385692424;
952.8258265877444,145.54411881313072;
416.04017406847106,275.8415818739749;
576.1698192226504,98.8991099776017;
508.64478862839036,188.76819048427421;
921.8040568467325,212.04436627232008;
857.6711125049411,281.46809496275216;
590.3199957537521,253.23060787176155;
790.8283152129223,169.938535171541;
500.36237523641455,401.39519812018267;
981.4159614699729,270.249895638493;
979.4442574496217,160.8600523558778;
241.57521430442873,453.07701369315015;
703.732181221857,68.5317462346795;
748.857335709542,264.6455332865362;
16.130331527810952,102.59101192504632;
645.8383790131809,139.02626102054094;
232.82329489222718,491.8842275982153;
490.14063508095427,309.5570902642319;
569.3994661044685,233.06663334906136;
582.7941076104864,382.1831641736609;
860.909563970249,76.21161360822636;
104.51245619461768,273.6205813609642;
970.1883705619326,43.57525013016954;
636.8989939567326,52.946008972500834;
995.9861289068364,390.87527088508574;
560.6855562643383,100.67609267189792;
338.9372592880077,409.99504280426396;
87.74170729229468,157.1386201633281;
354.2585749652215,288.06122911434915;
837.5102532948853,408.1696715222656;
758.8226384845431,447.57382180470773;
38.300085652125276,292.77941399583017;
600.2637856478135,477.28471589392296;
206.7976456326297,497.1880385069992;
935.0419402679358,448.0712469774636;
621.8077242946006,291.46341132579;
622.4010873841373,197.75357515525366;
499.6510753848935,51.22839168880626;
898.2232543305842,418.4921251080914;
447.50370095836564,130.4630312611922;
577.3836389743715,336.6135323784016;
942.2718554265905,320.8040489415829;
140.15489915924206,66.54071426079504;
989.9149583043529,20.62042225282217;
476.3870851678826,347.747928808732;
133.06582806804877,40.04189229231008;
747.3397370298756,148.63438822834166;
400.50983102727486,432.62151847489395;
947.4904909322694,401.37937446587074;
931.6155053314061,212.30885721156017;
699.3768044943743,181.868284780162;
307.39968813434734,341.8435178402072;
70.08032847173983,431.328737397586;
707.3658855074337,251.43618029808556;
258.66436509006087,57.92976815703987;
172.88266602920598,343.44956288669977;
725.5768976791046,495.13337428101005;
874.1968482420082,353.3780482668424;
561.6390282821197,312.88676926284336;
926.1246752081075,74.01470096429811;
738.5557349161662,483.8374850805738;
715.7387603068498,137.3683388626395;
197.2351186103267,378.4669885533377;
348.9751174501395,166.92256647364977;
374.6542378730071,476.1930516138056;
415.4770419943368,408.2860375459919;
155.52828300697763,255.96502969795998;
818.2026907487486,203.43085125625643;
736.6591316270268,155.6620476207876;
927.653030467202,157.35423138960624;
842.4572687227143,467.79744885702877;
208.38188460943275,463.0233382713155;
565.4314216928835,308.3283669304818;
232.84618675356904,504.76783727834294;
465.4799320403819,477.4811404567227;
671.9684902487725,498.3573581520663;
695.6644279535124,344.6640318242491;
744.1516771721508,242.14964774756902;
988.3343811683183,115.66295143401577;
672.5779915602518,492.8001614973669;
317.6261572094562,430.2401210843638;
460.10191117664033,53.889844194746566;
215.65719230467207,497.2518023930786;
672.7779980180985,248.65530589322665;
914.5856129473435,476.776399817943;
130.012027674406,245.8121580411323;
410.9580472279758,147.49387599178985;
148.78563572483893,423.7812717079963;
315.385786213733,345.19336594725684;
725.6947783792234,496.6888491952316;
864.2591648469884,344.15430114245225;
224.93304895100607,96.10879513650744;
597.1749807394003,436.0952351185261;
949.5492631493491,365.7329975155305;
116.67463327980676,495.46008649407764;
172.6221242173591,178.88753228023955;
881.7714002957626,503.63143835622355;
717.3994596779397,272.1954069581053;
169.16440611821048,87.88265788401128;
562.119075118702,353.0815333113972;
56.13974390863351,192.78714160976185;
130.10474209558896,461.470490788478;
889.2928434751173,454.3721314169953;
322.63340928400174,86.11965549619687;
424.85951022969283,295.19791302242186;
389.2321826786853,165.47832590378707;
299.6430218875742,424.8242357469042;
714.5507507433218,484.67537558105744;
616.5253765843424,377.05076085147937;
189.20565479127993,229.1837726589803;
380.35319783084276,240.48910865376067;
633.7395382640599,375.8824323870421;
533.598486690762,296.2253451893789;
722.833657553999,386.42788976936714;
874.0936153195858,194.4629026532523;
728.0381643248814,252.57551285282904;
738.9476607030791,153.7259314186672;
568.5375974032931,368.30413539159366;
292.3447648148052,397.7629622288087;
613.0252943943691,308.1602396716158;
680.1787772482725,77.0988720983865;
85.77937873356255,334.50891881285355;
387.8674609584708,470.58607971722444;
452.2169960036119,156.76862106469375;
495.8065513196396,254.41570239269444;
987.8492993315343,207.19128669776072;
564.6350152968673,509.60047551716616;
778.3463620651476,140.2091513746647;
202.87608022113423,272.9839371883054;
185.49673401789113,113.66704558203598;
488.0229214659406,486.87944426828597;
266.8176819602932,418.45896100278765;
833.5040629503981,28.208639298788686;
195.40568546987402,78.82755823279346;
551.6206223074066,136.75930945404218;
968.8764342164948,22.847431708456867;
263.08008147292867,138.60068780688232;
121.74710833243529,321.4136786559199;
829.9114013056103,86.88725813604286;
32.835400931524696,16.230899851909;
452.820890500521,309.2974496812858;
160.1665355051851,226.4113652522728;
624.0766500300325,240.51203664973096;
667.2103399950264,280.1621609741845;
770.840575993843,381.5613775366084;
903.4206396274477,278.2982598037586;
203.71398633830995,237.9850345994136;
254.93151689816528,473.50758504834664;
1007.1517109936012,371.09373603512904;
22.774815441855438,342.84115292331194;
397.7869908465952,509.0651167405626;
945.180198383968,478.49561954544686;
653.2530127241566,335.868809124632;
203.4660818348619,260.74470211398;
57.120596250615044,434.4272271675944;
518.055230475315,284.69001862513875;
175.23816926785528,146.41295629701605;
938.1565661766862,256.2407424018125;
393.3722376106369,178.04458901072493;
185.2292238582881,432.5229882433511;
389.9353741082887,497.0848584980292;
513.5971664969783,493.25019352914336;
534.8047128628775,410.7912751935107;
589.2384323246732,352.5987956744275;
436.73131335673173,470.01364418909145;
595.9830670979271,89.36159917955449;
812.3598195822095,93.72201039702692;
327.71613957713964,389.43268174245344;
322.31704323449327,444.8535337563307;
425.7521586171574,79.7333493748754;
569.1308800606591,344.5204444617752;
844.9050449353321,280.17797816233474;
318.0608568047769,31.999474262569596;
615.9910955653962,258.8066216988758;
755.1845948695837,165.65144815303188;
226.33864617098254,483.5454235432297;
981.9829829231071,386.11331729289543;
310.7105482578789,336.4907007368907;
796.3711825364066,440.7661172232615;
155.09776038391342,425.7449991931877;
667.3502931165154,117.38877408063068;
571.4047496844144,60.09691170837583;
489.15722300914234,367.0307720910669;
658.5697928046662,296.1724611858658;
632.7029450061607,355.9763089482849;
772.6678167801678,318.9393709411058;
989.0572291535032,142.8238186748864;
371.14425086078575,225.35229434329162;
770.461560809967,162.35134149262984;
570.2526568622416,85.76213626119016;
262.7096237035764,117.8466002964214;
766.6858071581486,427.9719506000363;
273.213918312707,38.97261499885417;
472.3722884553664,315.687249593954;
228.4702359855376,379.51293855691284;
782.9627028372105,418.9236561674737;
13.310958435163824,402.5350090673973;
753.9484197359708,27.075891449478796;
824.5247319983858,271.5808955542361;
761.9491568162392,365.8776104600429;
333.79071479919264,66.6692436937945;
878.0876281290825,41.48160076189771;
57.833695257152975,438.3131796024949;
541.5688795831499,302.9816548698328;
789.2438060470364,302.89699785779635;
891.8979824239394,376.86095683319786;
217.84092868176774,306.8431969754289;
558.526242517022,191.69592853752215;
285.87876663646193,94.21103454245443;
54.96528176102288,116.96069790343094;
649.8916564537113,192.7110653300269;
204.10362892363042,335.2597376173924;
93.53616767527838,480.39467036922167;
720.9689924531194,395.30423322685925;
551.4802782036031,336.5316969595899;
766.0825073509145,436.71883960921;
33.851570445917126,25.59415956112109;
551.7743841030031,465.48826685437933;
519.8225495449904,10.482853358190205;
927.0700273847857,435.43316937500606;
570.3040650617103,314.10533911528694;
882.8966172324444,12.14251581404884;
231.95146777090292,460.6349496925866;
14.975434349627106,397.86779362529063;
235.0378257826816,123.72640534946876;
976.5703074671998,310.81866231994184;
502.7134140483199,95.64124177934274;
172.1583240154435,112.29035796465624;
874.5422896242138,430.21386986915013;
735.2897082932776,103.95134602736893;
908.9655743792448,182.91020171191522;
169.1591838429921,348.18104863184544;
156.52040110301056,481.8047211488985;
374.70551919821617,390.71893007502285;
962.0110745752742,178.2274307475702;
896.8832381117055,189.98281450163756;
369.95840139777437,501.5595453541911;
968.1424846866847,414.9029206874041;
270.2596101493799,300.65906740652935;
29.029343020188662,316.31144511093584;
344.41709866202143,104.7049169061267;
712.430365489016,299.0885198405849;
293.3739872262956,390.79165282759305;
868.2217034839442,222.95145157317512;
119.15477013090525,206.4726336620527;
793.5826040283125,328.4156767098476;
540.1330426810923,396.6873158006859;
437.8873038538151,470.61839718495116;
299.0299155283588,506.8259003379321;
194.40009892732678,280.2168813332418;
727.5733004977809,269.55955942591714;
67.20159087759924,134.2589118346948;
256.0228553295958,319.570161501375;
700.3394039974282,318.8391729535893;
724.7598681742396,195.51195384825203;
549.3649732367238,190.01548823039244;
566.5850920196142,216.98468816971334;
354.9150986165361,458.92145882032713;
615.570856171159,105.83951499860865;
138.65152628811504,332.26094125456274;
559.3079043742822,406.0711430680767;
917.9429766977369,268.9167339780317;
192.39633221813833,58.11453269658561;
581.2067085874164,364.9249030056108;
149.05142698236895,128.45686043492736;
