[Boundary Facets];

[All Points];
649.2856738723641,269.8974224340364;
778.1228134197298,392.2424851742445;
600.2664466495855,453.73676284892565;
703.7557817672042,347.5006883819962;
380.58793225354145,24.399383240275732;
224.30346820941315,179.90944088867388;
651.9056694906212,447.31008007659545;
323.19510648027136,386.6304437463471;
985.9683033495279,234.2864877350881;
359.9465534499435,78.43555744297586;
316.4894887920422,161.30315180412956;
410.1050456247734,374.24031011486335;
967.0733847285436,279.373087986757;
742.91260279744,508.1388981679515;
912.3229663586742,135.90399027699294;
91.5686978304413,89.05022515201921;
743.369806296879,271.64922219184905;
543.4412001281516,151.18862515576774;
744.1277092486417,147.40633954344673;
513.9299329811302,473.7449145963313;
1002.9308928667264,56.401150754152354;
338.28502110677505,298.2857355054718;
127.41036030115026,92.45322535068667;
618.2212728126801,221.6635911934321;
261.02551802086134,323.3662601319745;
703.901799153029,372.4967767013873;
249.3543090409922,471.1784389571572;
752.4050879041648,269.38166843204175;
274.0048581712525,350.84430378445285;
307.69659493401093,220.5884957427237;
212.6238879039981,234.1378306644377;
115.53188859337436,260.6004003935792;
526.5216078144214,376.65551199452335;
155.8382999809328,73.38585161281097;
220.80659467741637,199.59850871628132;
657.2058561746395,266.9460909063418;
666.5328955669065,413.20370155672487;
846.4165258916394,276.0519236070914;
663.2578517900994,278.3957827207246;
51.75559233619764,507.71190740526555;
113.00962368452815,373.19125888199284;
248.68572475074268,73.64839576041447;
992.6449064833673,379.354580120289;
247.6166229444292,414.5660929076424;
296.97561694904584,446.3257512978333;
448.6833900054571,67.03201824169929;
691.8413186151696,193.78546256817296;
378.03848666972084,174.1280444722026;
529.3918685846287,350.3991396399657;
681.5235477935416,321.0149268630992;
819.2637351780309,98.36501147689086;
646.1914489901123,335.2329688846083;
867.6867762779278,256.8418560099875;
160.76976059172586,29.43000425455388;
98.65435028188107,333.37278820691;
754.9601094612817,92.53594666750602;
869.6394291192844,106.80684548155705;
678.2170164754427,409.696586146481;
796.7337461068252,307.57216409503326;
982.7877150455947,487.91490518372194;
202.8675344531352,141.27446960871563;
268.77802229648904,287.7441164363663;
391.598725574971,359.25874375894136;
287.86932963730624,188.8793820238307;
236.95449799453093,154.04242058857398;
963.8053949726146,59.06748193257526;
534.2338706053341,479.85811429034516;
366.08708783409804,137.85602674039694;
879.1578046271095,71.18837501325831;
15.150549313606035,168.53753260728283;
527.6515888207201,142.47800663130903;
745.0400980491207,266.278585418287;
68.43651500187785,381.1580202365352;
19.164997733793754,315.5062790750811;
350.7245375533805,222.38161875062144;
817.2576941681699,44.79835878310994;
949.9829384462599,377.78363309016373;
45.632702273349246,393.45208384110066;
284.9773381923174,105.41354155544401;
823.1644790408711,455.12033038270306;
463.59362851188666,103.88424084850011;
135.42975093608732,382.25066641471415;
896.4157031976739,293.87202971516115;
216.32392726000714,501.2703432381922;
103.42842191088674,379.0288677254847;
864.1377299253359,313.60946043059266;
496.2894556672809,411.77343602304086;
895.4813301063516,114.14937398763574;
703.9821797056313,183.63722526756885;
263.57414989408744,112.59555326625403;
916.324835632686,492.7137180977316;
529.0546807819854,376.2751477029162;
956.5387057575998,170.07735413332213;
823.594142540084,35.087581451068374;
304.7345971281783,456.6758397668044;
294.63591865253545,130.32050325485517;
320.30143078887863,284.4958936225407;
80.47886704252515,111.94543877495028;
377.73559364199616,216.20514792662652;
63.18238884708437,504.41796168783605;
739.8829166573979,19.622070226418256;
56.537541250383455,407.1963523826857;
920.8353024158178,216.6974425938398;
293.1854164452323,247.5862726870595;
412.3825495543286,434.7662092550986;
561.6015945369003,48.37267355590479;
279.66061128981056,138.76567780456176;
604.7852520837477,104.88817796691646;
875.947605070167,40.15397207214521;
989.9989700446413,365.64970540607067;
460.7109332382164,213.19727069743936;
714.240574263537,143.0760921930378;
475.60369454577375,378.9433281278363;
622.2459891337805,251.39509838318685;
814.7628094442439,437.7801422873908;
742.3650914216176,464.24302898079134;
829.2356960836165,189.40920319826387;
391.5459654143587,136.80958631290497;
556.5785949604094,133.2145744197977;
619.9499551047371,214.16156454479056;
370.574418099182,70.57262449208267;
774.7213297461882,279.0186016046822;
393.5622398486128,269.6390168136418;
645.8355131134921,476.8320801463738;
255.47754368893138,122.77964130842372;
507.8792721526212,83.70813810087206;
467.2806193604063,449.12738158204286;
140.73669753966178,317.2594553656434;
385.7989731781748,161.10981707111804;
846.31256027784,468.32648546445677;
235.36658713535385,10.987705286027262;
41.2907123815217,365.73168100718266;
634.8827809854777,224.8657382155375;
252.03755164961683,445.3092189894385;
533.5738092664694,167.21483026503276;
684.9820792733428,339.97749147452345;
606.5696210569525,411.555842739839;
992.173526694355,25.087156622157984;
114.47707474120006,262.5945873886624;
47.60684595724872,229.20100547467254;
684.0600424612625,422.03573778098286;
188.27610138223005,382.36773693245635;
45.49130859240967,75.29713832708234;
434.97986081680216,231.505306188732;
700.5155682107094,296.47596260710253;
170.52153030488026,366.68595554252084;
952.3741548542303,257.26871436412046;
155.34133215739465,384.8806625690661;
822.4753494170915,247.30276603378158;
929.5036829851498,292.8434219347244;
873.352886919043,57.92774198174499;
353.6326070710679,333.25173919150063;
399.52715697785953,149.605506139157;
636.0426038052108,242.58210102696037;
987.0208714677409,171.6961562036746;
595.8516715416672,229.4832130282071;
909.2448746408012,357.83117270695243;
593.437633251179,499.98919382026185;
470.70724889424133,213.95466502756076;
92.37204914842411,328.46071908401274;
391.71487711601725,335.7263692472958;
953.7869789720673,44.55329035245058;
355.88706583997043,188.5490218079639;
764.6849129494376,229.9727043184279;
762.724571294624,23.17348137239327;
770.5085991777974,438.034918244764;
843.0135871818327,504.569813238538;
538.0213638128149,426.29774144309766;
927.7714705763,101.37431759967501;
748.6835987321639,258.39438597742867;
438.31686889085205,343.73593168660165;
46.39311415946101,390.4182616113027;
254.06506596437205,379.0997265747195;
960.9168600789422,317.7989263374874;
682.0521681657756,351.7822142285989;
450.357105280905,506.36768488795815;
344.695639453866,199.2486648860121;
983.3769934278079,264.9364770005824;
253.8727355617688,417.0080480509996;
981.6956496316329,321.4326594352428;
725.3170444231711,22.093687520443375;
981.3866326992559,175.47474029908565;
985.0507001015998,185.27868643777163;
376.35744003173,494.61690179708006;
874.0241689156618,486.64134375545257;
87.73466672536478,362.38202429364884;
356.40188768980175,213.1727402563344;
725.134293453642,120.51448473807496;
715.8597491619165,346.2799479036666;
162.62837622949843,361.1676752850794;
596.5994910298253,111.39485633240957;
25.439022421410485,189.47046687057656;
283.4322712004227,45.662609109214095;
794.09966220277,138.47372942641854;
614.4221663480838,405.8429038939305;
64.75623245996108,202.7754939364591;
14.376865368799665,164.91157254366883;
756.3466787713973,264.4023049089275;
809.7011897241994,491.25531918509034;
193.06431978831927,384.6646490131485;
10.807465092317328,382.4971765238842;
964.6533900064761,47.149379557258946;
519.8850218938294,178.49097803103442;
59.20959580446515,336.61734980162936;
204.68424296954944,157.06011427953152;
837.1291419006841,334.34871941132604;
990.7035573391569,64.66566448656057;
793.994824680334,421.14372545375244;
396.2484126332604,45.9266133923189;
944.0403197770022,198.62825691762674;
475.0948284371683,202.78519934326255;
903.7207680619667,357.77278228954884;
974.6790984260023,14.172166432898694;
734.9461311801264,364.23077758296614;
286.1719900671751,44.05947285648442;
273.2046926059253,326.4785066792626;
644.1618387485116,462.69306658118853;
780.67865959554,184.21971329505155;
908.043088497311,482.7771571910138;
517.5968850113791,303.6247947682746;
726.5531705538737,398.318302267534;
90.13144254241355,482.4459092759097;
230.6442718933328,166.35558972139907;
179.13235399322178,14.848681318220805;
153.06284492665168,253.44862710358723;
74.47418029114971,304.7421044864052;
369.4064295567616,79.81847079133941;
409.88205977517043,505.7921486088172;
922.414931608384,393.7121655133825;
603.438007639573,429.4179512420964;
44.73133844650511,474.17108740031557;
82.9083528274509,40.78358549370225;
155.32719518089854,470.44007713135517;
72.78027856696954,403.9453085238095;
431.605705147059,64.34282444289379;
210.40539538638623,225.2850038057419;
355.86685779521474,127.88097845336543;
328.97412361605905,207.6320046250771;
700.8194630065786,133.07809660325503;
489.60111228353475,354.4791173960629;
302.658649143962,78.90253269291524;
838.2570635460071,470.57518026017397;
280.8365260723178,130.123178315607;
753.7974816741195,70.43569446896151;
923.9919595892138,405.51065476116975;
937.944102960515,365.71628234448315;
520.3601868398559,191.48423458994594;
380.1068108609291,147.47101952772812;
71.57678231702168,128.94278094399263;
451.09519070188253,504.14151533042843;
932.6074040563574,295.55369015537633;
42.19281843399513,119.11220902674029;
810.1436392748678,214.90864464562614;
102.40634540024206,92.08783198139768;
297.29241042551644,429.51300030534173;
301.6580703866719,239.66125138974536;
421.6588903196783,322.086066240565;
438.11650705853145,372.9397729893045;
223.43946506253175,348.85340420414923;
377.3513822857922,94.540603059793;
889.5975566647387,425.79339169668197;
838.644893204461,301.3132200879299;
814.9420848411661,232.21619501832873;
449.42172699359537,367.6525494609495;
345.2327369656825,200.12634988717352;
839.5579725677153,317.8765283294832;
212.07439294661688,271.36894940044715;
937.6938170640423,320.7229187567273;
665.4313860630647,387.3800539768962;
129.3627491780993,456.59719926218986;
847.84684330194,164.52191985936165;
103.1313707176783,295.32020296885605;
521.3002755618853,436.58643885621564;
891.373519859484,210.4654032555363;
695.4132292004381,336.8654564392339;
951.7024781356556,207.36865465929765;
404.23975441146354,505.1560701605988;
145.868078169333,186.32094357730165;
253.4966030362039,179.13875999239548;
592.5768638316581,126.80903626519552;
73.15975034895726,384.9048750733768;
643.0452677733299,46.29708771240958;
674.8567782762985,480.926701097698;
369.63259428583893,288.70881916410303;
553.3526345804504,443.8134150295181;
167.43321078796512,296.0821961973449;
658.0506085247678,192.88173096371517;
761.4657282268132,503.22386027496833;
706.2193029360849,361.06706980521085;
106.52269552177096,255.88455278711342;
384.75691814055546,287.2629301855939;
960.3414073829184,298.9644197509174;
21.596594339638223,191.94320160568472;
911.4153383655326,491.02231494887354;
675.6427338097127,250.13182410341966;
901.6735471041021,64.16457297152672;
150.7612936656576,470.170791311975;
220.14335143775332,230.6351255978496;
658.1316561185511,406.58215262766595;
162.55083470977294,214.51275374766703;
329.6332105634206,394.7879797288858;
301.56329206840536,96.61777899395956;
63.32399020113454,193.2301464994971;
622.6086126175347,306.1732572889766;
741.4539893021062,225.919388703798;
791.699849038927,445.10786969171204;
852.4863808790291,326.9955472585876;
756.3636508484944,293.73872404862584;
450.4892713582146,38.47008922050498;
618.3746173367726,461.4810242451953;
668.4354868342095,50.250611612767386;
566.3597734312634,170.31936061501727;
544.1112736219435,211.01541781384628;
801.4949710670267,230.41691932769996;
32.73230236615697,429.7301026393219;
366.74624040233806,412.98998557868845;
179.99658725966927,388.95526436155;
964.1219206441962,449.20413528986086;
744.6581459859772,364.0529277974164;
530.2281886304874,344.232482161679;
294.8802391272949,360.67922490213164;
254.83352491235644,143.4723245330226;
308.6475460686617,352.8444924536014;
627.1255240727367,418.6407875657253;
1009.3135683762603,338.3075192058939;
87.58613169253825,452.1074881417152;
801.0178978025858,248.41952450518522;
217.0917981092768,195.561357969873;
994.5830607499518,467.41757848980785;
199.60623372846686,394.8952559784693;
373.690402248646,365.4667760350354;
875.4049491961965,506.5982358145079;
848.3027862305483,320.3555430863509;
645.1692803375495,161.40115251306975;
508.7471345618484,436.4976225421758;
354.6345111999106,80.5344262132167;
987.1313657127174,261.6069425281054;
693.066116225607,219.19522256545386;
410.39173817951115,94.81416024494027;
673.6227909147731,63.35247657654774;
119.4099461515975,33.11226548334866;
49.475925311820205,291.49019312843905;
395.3004830990745,312.1981377258143;
547.6491049569847,60.582315042870306;
935.2523420198708,139.66365903152715;
647.2239524035604,275.5424771939308;
535.5641845761302,37.520043114466816;
399.66351008837665,432.9827812624748;
36.886294108727114,462.154425144313;
560.9932804542735,71.80417281227807;
351.88487386716196,114.4063531183389;
101.73920543322389,401.45329203236327;
118.87722663179832,499.0415016676478;
547.4288177106596,434.0375822848502;
635.8553606388542,472.4659652624743;
892.1725627337311,425.7545159241246;
147.3300748666547,238.13687760904622;
986.9438905075596,155.25692522887041;
526.4262878359896,156.39755522055964;
251.94213958545453,242.40982793011074;
222.38407261952608,181.69440987984763;
393.13816049163296,250.10944098748394;
352.588855212959,237.50633634762056;
929.4473311448417,507.1930879031123;
100.06042865358033,89.13187991671205;
275.0135036891966,495.66873654698736;
422.0771825318923,369.1645703605007;
357.30135111524163,492.4213997800677;
542.1016761907357,70.42366974787299;
901.4124575619705,254.80709784311833;
779.6751105900253,265.8876369330052;
114.34667641521422,34.0806679184053;
978.5412623171593,132.97803150100955;
714.6952071288575,389.84137812595463;
331.5926966751221,413.614559585195;
669.3889713935973,20.218164076079397;
431.4009021102348,202.45576173432033;
610.5223454247692,449.52935231791645;
682.4072713816711,455.0872279615929;
887.9109219570274,58.21546759377588;
378.08226791556456,404.78487599391013;
437.8764308191508,144.20807071884371;
696.5114952663265,233.91391686535138;
223.7789160107718,281.48339998389696;
907.8070306986917,33.148117980781365;
321.68086361803137,453.48361277145426;
370.57622803975977,245.11504702685838;
379.9058859786676,197.6153265844171;
189.43095592261494,37.92856784284486;
684.8051442808323,209.74346666360975;
735.3915204375019,272.3181559629658;
384.60657923501697,460.2539332557268;
733.4638219100125,25.52489778245192;
184.59878305066778,400.39751556483793;
753.2666254073138,41.14662958966113;
225.7716074555466,431.1541454807143;
297.31599504336526,149.1469107278424;
391.27089993460186,122.85585499505824;
938.8271566198772,256.5334182464891;
381.772208211086,149.73662324822044;
877.7053671626892,428.66267516317413;
35.41417531080003,291.93645799266693;
955.675052414045,99.26720363606233;
277.3556759301842,330.3047957596456;
576.2050663366464,236.33032893921217;
23.106539427706785,504.9517047028756;
844.4380347339927,394.00269587064804;
64.06870966429122,115.37107126731921;
723.8196857837163,12.932479906837537;
853.288420517735,151.04628560291087;
32.439229482342895,157.8936158402222;
516.5385040692429,232.5137192815828;
974.2775168023122,135.59241626486923;
10.159328430706429,140.97329890049824;
30.361988762134906,356.5738448419024;
90.77637946572824,505.39589007978475;
756.2673247716644,106.90254567947137;
253.03525803934645,458.09480032233637;
1003.8877991141491,70.29218595843827;
250.23020901272685,286.8634679202109;
638.5643046919371,164.2163660083731;
499.6534045061696,455.91085049277314;
880.0323074966253,266.4466131626516;
815.6213755815646,39.025600790744456;
548.9598839528385,89.06471163279211;
860.6001656533496,503.07513296635284;
954.3615337973798,181.50059988646632;
466.85199542056523,188.83160483413502;
690.3970378210576,152.3606815924493;
414.90350344801953,54.9699055746749;
730.2415674726003,281.6930048400002;
844.0228841022496,458.2806143023853;
10.502628461010456,275.2611649089975;
353.13745707004074,483.9018497817592;
853.5701144467348,177.9244400047033;
325.109298012195,91.97141359665788;
181.02732277472055,119.9797851543971;
861.753487587631,234.92780342271834;
188.21329249883243,212.42731314897117;
183.2273603302721,80.55421973685822;
132.03073435655543,194.51160266373228;
195.49628457334921,414.3843436176799;
738.3829950228957,217.19652266637988;
244.71062139607625,93.84780446154028;
859.4026081774492,281.441832315896;
176.36110583232656,215.46609262420796;
397.65173994511036,472.7322574901374;
71.33167379457694,352.4152016426495;
744.4012511942792,109.17426388447569;
269.3110170282609,187.09282433172046;
938.5224120502754,212.69967108712822;
17.597167542899186,65.2360643229175;
327.4472776324013,355.5339961131305;
378.9992052671424,326.0910610005715;
48.800886891063755,353.7304309682856;
802.7652151026882,281.68481694428635;
280.82582542280875,491.59455221015315;
531.5022593667404,408.9046773484587;
538.0774825375786,47.92491738737458;
808.8875851134496,49.774614125694384;
801.2092698931144,361.14154706838696;
207.6105751005025,61.40853328396416;
649.6228994745172,238.4336055914954;
539.714468591601,405.33560459886684;
40.344413647681705,183.02570632023478;
249.02947488662906,428.74497844133964;
641.7562119113438,397.8074155049145;
405.44144867185884,495.9868996891096;
460.42476054062774,59.25742950190387;
85.48764044832524,304.3752623241585;
718.5336027663753,453.308123759789;
497.3545795805453,330.6483248954279;
793.0041209783976,83.23712412726563;
269.17393004438003,405.69952699529404;
51.3245613360953,227.45562073937774;
322.3929892422821,461.97528024872884;
117.55856073870085,260.8313058728942;
789.8924390185205,149.78897866626377;
684.299793368312,20.72766391523816;
182.28057478868874,469.7490890504172;
57.8619867002269,148.61091225896533;
560.5301678185036,13.71858451507462;
657.1401191220923,65.87182930446377;
332.0065667615452,278.05659130642465;
531.0443862801172,405.33716280264497;
601.9096608003017,255.47918269092688;
947.0753223916843,331.3580323294669;
198.11200799607298,463.2693845145738;
829.7553379071542,490.903988320322;
713.4196967116818,493.26558205500686;
500.56373241566587,369.83961138513615;
785.7103529904695,122.04568851002544;
762.8020501480271,334.3543744228675;
265.66022520594424,230.50756217192742;
29.998521854710294,42.58653654922411;
438.0230841190733,342.06057364333935;
899.941969190133,84.41839990131838;
343.6969722390143,313.4914554615192;
860.612065760266,489.3367465455497;
78.7590497121221,244.0368631863099;
953.3687283830516,195.19156390764613;
962.1325833351751,145.40085012866243;
534.8219950862975,155.73743939788864;
801.7735637717666,212.48596388401424;
580.9838965934135,154.9668408982574;
822.4314141314075,162.15304369612105;
58.5945446608127,375.6711149222088;
424.335088740533,309.8629860741144;
819.9907234669793,415.0898941100568;
347.1538848938616,349.96267396599995;
557.8584270011737,391.16582467941424;
17.739284295209316,213.05315134924945;
916.6351963207956,506.6743551059933;
843.9183727874541,408.543259472538;
753.3595662703614,306.09350553992135;
35.467243697808954,191.61525370778446;
520.9638830164394,124.38851543962598;
286.4177763174808,273.94493022161447;
938.9975224294576,213.19429405722533;
795.5843353888622,480.84847884071223;
101.91696564145279,59.973658173983246;
999.4467901006524,313.0265126733479;
125.28535923019678,128.27253875787886;
749.3693077778164,158.3203123593041;
343.9558146353353,431.19915140929174;
148.80379806402365,394.5438923448135;
620.4914326861332,437.76599678190087;
338.4348564463961,334.3356699438907;
709.0216090517315,89.11505388211133;
970.0295944684693,310.01369970728445;
369.926269807794,406.8102485237926;
164.96840729961946,215.021662009158;
686.0191140058662,287.2225348853282;
54.78294682600759,11.738401609963415;
998.9976849289416,508.5456808782458;
616.7176588780935,178.3463854948788;
333.44767717182197,421.983280607108;
253.82195519195616,275.3723200086362;
383.171258061875,20.954106600966295;
150.13717705270236,166.75947257049992;
33.9102095818291,291.23687029723374;
457.51584556409654,66.91122571333595;
508.5635885343607,141.2124105614071;
574.0566726686034,147.92071476682926;
561.3568029081176,127.22094501597624;
768.8426893672814,67.07981228210619;
925.9325504803354,443.01285745018447;
235.6439747843938,424.6641447189217;
49.07911285307253,184.92009014616085;
467.21838772830137,154.51623272641123;
695.1229208022428,56.93924560753171;
920.1916249960221,329.9071797038068;
691.0737071118898,106.76804340192241;
434.408554564771,102.60201043704546;
540.6679641766128,269.9377753084838;
118.61799184744658,78.09979284058993;
603.1838783304205,85.19283199059218;
728.8860355000897,177.1066698874536;
745.1588042103493,67.01303554329024;
480.01902161313603,33.08283621222634;
177.18111744770314,95.50948206477604;
988.0029269814822,48.620651063501874;
222.85704212828904,420.9780325535048;
361.23926786739355,44.99005836415553;
477.99321622255917,282.76625298164583;
628.6325852634387,468.0761267172088;
1009.396863083559,299.3382166549759;
313.30911824729924,227.99883243842032;
509.6232844464649,55.33423289911492;
778.5334710573927,236.85142696989735;
373.22618798143804,19.99925395710116;
994.4228170819341,194.0593376246415;
732.5729030682854,459.589966740905;
933.0229022129649,138.0590367622797;
742.9299668551358,316.4192625381191;
547.9875576244735,234.7311075702652;
622.4568586955673,350.36700236185385;
988.9792956258093,473.1171283365843;
776.1724330339991,479.34179059280353;
894.7710155345402,212.82359742257688;
251.81005392486665,105.31631128265083;
809.7465213871884,223.62100059136142;
496.37563701866384,106.77852232736971;
703.7028304389465,94.64047002953096;
709.803539350346,215.74560434015487;
1001.0805731464203,160.42698764769358;
863.3182014733839,471.8620146127454;
641.443052130985,204.02244887566567;
161.40072685840877,157.19063397865872;
709.0353940516065,276.2255294657501;
876.5963117973029,158.07446341715763;
245.235404952287,315.9656615010704;
264.7760871315969,418.286870219843;
400.92744296810065,13.275884049900313;
409.8614379489476,454.71363484819483;
339.66971259049006,322.3509078623184;
680.7457530722037,68.01342501894379;
639.0453839187841,469.76563972565924;
275.2321157565106,82.5995961572557;
823.8421443120591,333.63515897939374;
640.9909123983284,341.83198636012287;
869.8180823852127,398.2439741132864;
488.5205952468752,287.726771255352;
768.2044181327882,459.65203705285745;
879.9597751241324,170.96866530366998;
108.92298283526036,287.0487829565737;
154.9739727600754,498.4994201517807;
923.1445886971346,330.54640902786326;
633.6723930099979,106.37564267744175;
388.63943424788795,185.72475835174617;
673.0214558450064,110.70544568224344;
706.7299175263439,454.0737788397137;
192.32935455734201,32.26366873539942;
427.1651720507781,176.40945421535818;
778.8719424492015,240.55297820596087;
567.0083005724058,170.03630682091062;
658.2463949962277,485.79525069806016;
611.2986362247852,294.0923911751359;
370.8177867200258,457.13635504039854;
647.2373075650822,504.7675343187632;
604.8874734167696,276.8929884046134;
52.66451892573564,263.5500243839244;
756.0316524101862,498.9830671498633;
831.9307102056077,440.0137494869545;
146.10290576786343,340.88422449205547;
679.8974722472267,472.0350070645241;
22.23057533863159,164.04339176742366;
939.8779366518897,498.7653822049673;
514.1487890473669,149.10215909769113;
864.8546804654412,329.2889475738021;
936.1940155504017,73.080634009467;
263.604663934051,65.1841806359506;
658.9461410586041,74.31200864734498;
702.5109792911844,272.22771780149174;
413.4655009711392,302.1070316825911;
590.8336047125282,374.09961101444975;
315.2941918712424,423.84343821260586;
903.0576652180033,362.02052951387384;
997.0376075929853,490.7404101791931;
195.1348029340134,167.35301973149862;
1005.6283662936515,76.68318174213056;
270.4012507504114,36.8438262817659;
489.6090309768972,77.4222200082813;
854.1082175420557,447.9489760836427;
972.8429830200788,294.67845024894535;
863.235056548402,158.805973364941;
64.51792900855702,354.25231101284464;
962.3794652234087,457.51565342678987;
252.98854220622667,430.92109246459404;
319.371153208316,36.002275980777696;
188.5504484705669,93.81880162754202;
424.22221259711137,251.51534447583762;
984.6871821745347,155.06703103680317;
891.1749900173521,467.3520040981103;
593.8729783228289,31.733636167154458;
908.5138606888083,284.047219636524;
896.8959567983762,413.51636252046995;
188.2048916997473,347.70667037197603;
833.1262401198638,374.31104444476887;
164.73077192097028,206.6407614709092;
106.59337651923173,324.6056820489019;
266.5934335135008,102.69532225623628;
104.0476117983874,378.9544961279207;
592.2407305951696,97.44874038087691;
623.4847956158886,279.477590363765;
715.3305689655471,81.2254868805352;
583.2783271245623,32.10110824896261;
147.19786729885286,256.16139218667035;
787.2568586106247,465.9359885206882;
531.4376281470999,256.79052743025176;
584.4531828084981,441.8582516783463;
877.8575720056783,287.0266282833998;
669.3161176842909,45.12736273798217;
956.3961092081976,45.37403870320688;
673.1115249163335,197.2169406443329;
740.8879915886979,175.54911680045248;
576.7294673937827,397.4407125931054;
677.1780589443222,398.05494554570396;
307.92485844208085,324.6847417402897;
663.6942868726363,364.1793524000497;
380.43612918625644,464.56587339228275;
36.46147391773401,101.49511181484566;
518.113813515946,272.97538810347396;
608.2638657865629,394.3021152199368;
715.469544744942,257.91535425855193;
291.79678141274155,60.11089350596176;
259.7465750781097,464.1589878877347;
85.58575932087098,479.6727953378883;
801.1599655665324,473.9501666807025;
211.040010683718,124.52062834046345;
175.88288083588264,501.0055988117626;
117.66686865141095,86.7213208653601;
463.66271654132316,405.72672600435357;
922.7950181120415,324.00991522950045;
787.7918540020075,466.389566727847;
759.2692307050085,366.4532937480255;
483.87894370070495,486.134763871989;
693.122994844566,22.120775113858116;
999.9033698828513,52.09699255785876;
238.9272683600777,239.20556169804206;
24.523287264850527,436.40147125430025;
692.8856810760152,499.6779166752949;
751.5227403564111,429.59793688912265;
756.6972940146192,130.06946518138477;
578.2509315921105,307.74137802077854;
792.3328362864944,360.97381491470844;
576.7009360921396,292.3483862036336;
342.44954890830957,465.1076106430737;
679.6346586150132,62.489855996099124;
851.0003193240394,194.2942599466431;
386.461495352353,140.02665686100983;
435.48811335960255,131.02199879761173;
877.8857106197112,369.75159620134673;
576.113627247927,307.9729905602126;
314.91981051743164,23.454688064713615;
12.128132400609385,468.067953391827;
656.1999677549787,402.068196799232;
726.7754045381618,442.3806716990745;
832.1481161480358,244.42315933286335;
387.97101491065143,93.78547588342566;
721.065583441096,413.9666586789637;
870.4996686019168,392.6255537176867;
407.31481340428854,29.54699795850906;
804.1745801177274,185.60287010024746;
323.10120602762595,277.9514941291756;
571.3474118974914,493.92638893006307;
969.981096422783,194.927006923779;
62.516054046951034,390.6652928668772;
54.70840545531707,318.69885948042213;
153.85008201718364,59.11683643265141;
753.2033470833485,435.25907019265935;
638.5676994016463,119.94308754021176;
459.91867482281947,140.35983970567543;
190.11055746914184,336.02200589743353;
64.7824826840605,301.5906106675446;
54.03019274817566,71.42041653580071;
560.3899201124349,218.16018830619777;
23.756006926859634,324.2025512514427;
86.59789518695781,229.03478371453582;
72.35349918606914,395.0536716248049;
51.493756662064676,295.457967506734;
398.729849084563,146.92755726288902;
536.2120708231737,32.0925731998447;
13.651475430024643,370.49370931031126;
483.2197949575847,483.0576892030195;
852.8453407075976,222.55082516719332;
84.37483273733514,484.9189022586382;
608.7904487872706,17.511941332164984;
574.2270375219946,91.5373107714178;
737.4079720703143,474.0151107724586;
535.3097479028664,301.14000361401133;
935.6383929074414,173.8736929135173;
606.6695029537755,225.13405127047108;
275.9578351466294,200.2281441769274;
699.1927934423891,279.09225326113165;
72.59432303510371,419.410532905786;
22.390755265406227,474.9060519462265;
38.95319740586599,41.5056216989274;
165.04437561127827,344.134079589805;
366.55288886914394,94.1387901388974;
365.7106108977193,322.0630062473959;
91.95696902175975,212.71470860970808;
592.757316540676,343.779717247068;
324.4820044124018,196.36995305928212;
401.69734861041815,151.09594817843657;
683.7493568935787,281.5501695950407;
335.3267104702049,52.056524883885395;
357.76694819416156,279.04712014748156;
105.60631244560835,310.7852151872466;
58.39361251413321,167.9704862691803;
323.84983663604373,118.01768780526588;
489.85507195820634,60.79479273930987;
467.0764067664412,378.0045757733804;
36.42856043331987,349.9369471817737;
363.2844968013409,447.594268328405;
38.26836268436872,219.53339013130739;
484.4247488221319,356.1833056007078;
882.7477493901125,477.5813595102443;
361.5379929534461,364.13584219630366;
964.5192929656974,308.78208244108725;
716.5909577708621,290.27472758356936;
281.37331205424243,432.8436991862157;
258.04984433751247,205.26238168234832;
830.4142994130137,423.2664619674476;
26.27018640248967,459.7025632917276;
60.101453715570734,158.33270802605458;
140.46134765451512,186.468480190319;
367.10096355446706,124.37557085816024;
87.8129241274691,445.8674263408944;
335.0803204421687,398.23678916271274;
922.7904550573852,275.1512417635971;
133.58627858933946,368.4233941857094;
743.625575561011,209.34878436693577;
202.58878700955196,58.20697193455153;
963.4916853804195,153.9188303970643;
11.571568272482061,407.1710812651252;
635.242042351424,477.4518491011749;
185.1247807346069,358.36195930198386;
581.2603349708372,382.16766224110995;
375.8397561284392,356.2609332597884;
295.04001759391195,436.10735181632856;
332.22351452422424,39.02443180984693;
720.9514159941573,225.196395345102;
324.67708886292013,20.760018276021242;
695.3327117573004,406.67540117983975;
196.61486198907429,119.36218044739293;
374.02177034661855,508.2285342956855;
293.39879452505113,308.238119899855;
444.90156443879926,145.63614276274893;
136.8667253369722,266.41406378180784;
513.4080706371105,100.59960256482302;
673.9635707796868,363.33897241864065;
146.27074903826886,341.3988479202631;
91.13709652878565,128.65141586026868;
200.36143925595562,309.4803950902527;
397.16725937255967,44.82084797959506;
860.919379832468,75.86245945265445;
815.8393866996737,399.59452529231527;
368.5536176432325,128.32815714266394;
490.02258356061964,335.6627480442647;
997.6108593687601,350.33450713672715;
301.5194801216524,478.6369400384685;
842.9149258957448,92.67268951634243;
528.6060113521548,428.38563587080307;
949.2819761664067,169.8389968335221;
615.287935484667,335.13529655590446;
332.51288836063594,96.42629225864302;
127.36206226719226,39.95618235238856;
768.7607349583933,364.0213108858283;
709.0464104495178,349.75172116825456;
242.53914419648126,453.05178910313657;
480.5637225217848,477.70181235343733;
894.8136268344143,228.27257709943427;
919.2897812362602,339.1709162165283;
39.654590428575546,153.24945047166815;
996.4399145374041,346.9393152633899;
890.4144110748982,206.33353484454142;
19.49038249428591,353.1138352732646;
271.17292532736116,66.60961855410962;
779.1303771823569,269.73341770266876;
266.69056710429726,396.1532912244543;
116.05663276704203,295.90987086043043;
221.25547091158936,250.70979141417303;
903.4127173997229,473.8909517895326;
881.1528489396845,456.39639931158314;
316.12532423175986,438.9541310495791;
686.7562410809912,380.71077830304347;
140.73861218212767,350.8632715612485;
743.5343197038515,356.59706673278254;
850.8157182226769,484.3715108776998;
163.02121182886376,103.44071318673491;
576.3357223326627,481.7905677513367;
273.8357031988094,430.61096750027355;
623.6549209038988,83.90622476984076;
18.580738795873955,290.6082827332842;
552.4529406683846,427.58700492186375;
926.3058764597199,162.01933312833654;
161.93832849488376,297.514213106798;
989.6814965435752,380.0622495285426;
861.0775634525003,390.2292207127093;
571.9824557502806,163.67204180112108;
664.4062532715027,154.03564082067166;
408.4407361303828,389.76274910415776;
148.5945532827193,240.8770978138659;
878.6267354226648,240.44315268715903;
822.0026143353457,194.13447882003396;
286.6116003248786,185.67942683378763;
849.3752340772992,249.27753724180872;
862.8090256323718,50.23034920404345;
57.69492091810601,229.48306987505916;
866.4158312811304,136.7512444059916;
924.2143840842222,189.09579479749243;
416.63599575224663,293.3458890884012;
860.8627900850638,308.6490841247343;
598.3752206316984,51.74185616286763;
555.4015281055707,219.70735787976585;
980.2293897981748,151.5657150112042;
547.002925218584,233.85318629190377;
59.898784510241434,203.8500340992423;
675.7595766893778,457.2802973496397;
926.7303522707871,413.51597834461484;
451.23165268751166,417.7003174406346;
773.1844871712303,280.99577055669357;
594.7957211990494,41.31181009087214;
191.272904762119,27.974177569208717;
47.39728421204158,191.54819583081877;
38.88645638390241,386.3138314940705;
835.9404790550193,335.1513528888049;
916.9965955713493,296.89953304454355;
94.0271065012752,345.6567465669549;
763.7002475511767,329.02387301264;
189.77869081455367,45.58015067321507;
902.6884426709516,383.54679324722724;
609.668405397781,163.84927497260088;
953.3105208968411,180.89812647989928;
998.1790808554986,399.4038738134036;
699.2522355561726,381.9072918724093;
358.1566134668855,270.2455627753186;
838.0351913868557,176.58106531187667;
890.8396746536764,284.45113633198923;
569.4441304294392,86.78854717019424;
991.7818880697591,243.79850059245533;
311.8934104663672,313.7884330756142;
923.5740600704434,58.4387703835305;
142.78661649633017,45.76270106473017;
521.1490771397316,69.55415862284525;
465.47159026310334,28.938213815902326;
994.737690131323,41.12586216472674;
368.27128422898136,348.1181651233236;
823.2778179488013,311.5106841981947;
245.1103747213321,362.8676088044121;
989.6774672043554,143.79828391339527;
380.86008400895065,506.12966338415566;
179.547658017293,59.68086520366288;
146.92274232571532,369.3875756155592;
233.14021653333216,99.43019196243706;
351.104272097286,464.31227809544043;
729.8679455992257,144.96960837924271;
862.3895726764349,313.95646169914835;
302.74706192225875,141.5891656521239;
291.8728061419347,490.1806542492442;
927.0330005369534,203.65430898123702;
449.430576980997,354.4668007772567;
274.19889636518303,218.35105306441915;
523.8111768422702,272.43656721518977;
689.787806322531,265.3190222689932;
442.6921949018154,365.6843545220271;
549.805991164077,79.98528315406521;
616.4702861442174,299.965120758202;
328.6122724739845,168.22332130256788;
997.4345982859288,85.96141146014773;
857.0934724739365,161.6472906552373;
540.4071470061461,160.97946052481188;
682.2810797674651,471.134973328315;
72.23632147191594,431.9462260947045;
526.2001166808373,436.4483470328498;
143.89569947355284,67.41379681512515;
406.9233675668512,292.04121060966355;
893.083495896057,233.3918911437444;
968.4980499054652,261.4937420571865;
877.7259428622997,306.4827149276275;
58.51583968037643,25.930470009435815;
742.8944471255155,276.44854706629707;
697.0569805263958,131.57656475143745;
26.464331414970946,111.7606291339691;
427.9462112662086,390.12831990389486;
535.0530253763321,24.227253852307275;
936.1591029768394,399.0494264279298;
963.6999750499305,289.3567284012411;
313.3507148200366,98.61002648624778;
341.7755438656603,191.25713916832208;
135.65607139219404,499.80725180240375;
845.4630066187502,461.9938570501216;
131.55557632719092,168.35480878941127;
862.9506634489679,28.808307148131476;
220.25336573117892,297.1165850051901;
436.7017968134461,394.826015565361;
840.0055268525862,189.0451292591069;
497.9985896853375,410.8945625774569;
810.0689400558238,442.63449635881625;
370.4954564010365,300.73657003409465;
877.5083556538381,464.06006223355035;
521.9635791484511,322.66061258613144;
698.0324232300446,263.1097830153067;
473.9369784659201,225.0466335630743;
144.0694376588042,56.38204735824325;
699.2327698037232,199.87868522029595;
362.06198418809,357.5886680672081;
627.2528203597142,165.79337983890085;
234.23294715138232,302.1753418667141;
380.0761592449907,56.92608317322172;
510.5492645222198,368.49180603895655;
965.6103017980546,375.3034655543506;
502.27302918333703,466.2224021830172;
763.0925162508717,205.88124584202237;
459.781301166485,469.8701930692994;
831.2249888210208,152.75410513753246;
759.4325779974014,77.32183974685158;
833.2987698654827,472.3272988949925;
172.468800583202,227.5915904668144;
423.7642923603715,277.23791226789285;
316.202348404454,479.43225694180745;
277.72791231236084,458.92538282497696;
119.23045915253438,378.5514025080246;
260.9370135755261,141.79537513487776;
114.03073209972524,180.1238266360779;
1001.5196233846306,244.07272924198514;
696.6195777478192,209.36073268512254;
168.45918215631337,38.94459775153268;
216.7804009971581,279.1140000595496;
110.65923454379933,146.41131587407185;
991.7958982136308,126.17947704484443;
314.00347481849496,23.00934687400418;
351.9372326344362,206.6390642327584;
510.0402731356303,19.10691830745175;
396.20622193110046,385.2586078156556;
154.59743645273826,84.8160390809452;
1005.7720305225342,245.45504469294536;
279.99581901575533,116.05505563144746;
846.9965356277727,70.25476643730786;
