[Boundary Facets];

[All Points];
272.6769267928536,94.51633983894008;
205.49640646980336,124.52250321612605;
939.1842950943088,192.09163819739464;
156.84170468059344,269.9234050069366;
662.1935869448266,230.84131871641864;
124.09300353833362,377.7323142332571;
356.23075483085773,496.71479873196085;
529.8534896306097,476.69416671141033;
687.1999414624524,205.98699013681048;
350.878645387281,300.21757699917544;
89.60818405278403,46.06912241521448;
685.3963887300206,236.56000408391324;
957.8822354012532,114.88385884631346;
609.525960816386,268.18462038929573;
97.11894060745063,485.3602778621587;
93.86250861885924,35.96941628450816;
654.6869289883814,108.0763136815353;
105.34155059616512,484.5733839340787;
712.088262062622,404.79000781136574;
722.776776520091,265.89493553206296;
467.21542622287103,202.27322947885273;
243.17322310234655,90.7029452706276;
803.2077350463711,194.8511111017211;
564.1004102354066,285.97048410405046;
895.0815773853056,197.0047358781187;
300.6174766941828,45.255123013463454;
666.0745465413357,407.8276046091367;
815.7946673442505,169.68881664806716;
71.27727998260357,78.05798559331893;
364.3907100504564,469.5426488705588;
513.5704829710635,289.78601350978363;
261.84278786746773,440.5776345155887;
86.72138319880928,12.961999071667886;
624.606722268022,495.3829513277234;
173.60359501220356,284.24461787472137;
837.0069386371268,123.58470968958878;
701.8531307685197,26.52939850061619;
327.2386537190246,495.219536154922;
997.0016695349057,71.3224268246812;
99.85215102139254,48.76510527460564;
550.2497661305481,59.60511014294377;
469.79703476404796,11.379233148840642;
458.729014262882,27.040202163000284;
357.3813654865614,49.65609488898269;
268.6599835378921,384.000908947813;
857.4778679429828,279.3313969329567;
345.9784627902439,504.68383933918557;
542.9242178668388,425.6674370002246;
362.57858127423935,285.3559830587863;
784.5066475559217,240.98464216491698;
644.0179359734587,209.41313823053952;
986.1389266542241,508.6087852494659;
573.8204494522935,180.1432133734241;
10.525558585239505,422.1862911517778;
248.83017445981082,361.6132063884483;
340.95918767539047,366.28525179260436;
409.65556391938804,146.24120586358808;
730.4577557493723,321.23598787966677;
42.2957626280862,42.585072128861135;
739.5689257086752,174.9793638115749;
609.5562539769059,435.41493879760895;
967.1788607394923,151.3868388174584;
1005.9781093253077,206.31662812169125;
860.0610491991904,254.42160115972794;
251.83073543249057,398.4431225974675;
306.9384348347783,468.5776455954647;
62.13951202532452,139.48205609965535;
926.7580485365631,244.4679150677833;
600.1917296486619,172.71646568481006;
942.5009983344715,447.7830024601171;
923.6518541776096,411.4928216662703;
167.82717257016154,280.58525839068403;
456.09557369908936,211.2863106234143;
466.3506386888485,231.52021168772617;
116.91806642132984,73.71507423919526;
412.73367770086077,31.631405357392442;
143.70015876771745,394.022897797095;
750.1141803809204,192.2746180184871;
368.13989750758543,77.43517781128999;
299.0634743884971,282.3226342853238;
890.1370798974309,235.2644517188676;
917.5264990496336,258.72029817537737;
402.33804460833323,139.1925688081222;
627.8191032875587,87.73778073322984;
23.156724292250786,178.03031393407812;
868.6655246809839,352.65745781263576;
364.66275592762264,72.21025331976726;
655.9853360215606,71.3178164177009;
529.4936201754352,22.1892879000442;
703.9954208607354,445.1377557040112;
771.9354513273985,373.5542604830423;
33.721495016719054,215.03437705285504;
10.714060305235575,361.4794113549081;
553.6451043282815,248.58466724019416;
490.79864347890646,107.29762348785648;
39.30107736289178,237.6845931609026;
186.79824383900677,385.86563923472954;
18.765340437038915,501.43528750428175;
877.6323537781275,498.6347656534666;
524.8343880553176,181.47146493849118;
798.0645958792118,201.71880342978432;
297.9206451744398,76.40391702053489;
637.7219319462214,423.73492632595446;
659.5303446354854,67.64748453418689;
936.1043601239168,271.0984054538915;
296.1257558997456,501.0377403557062;
484.08421556335054,68.90083577268695;
667.7143208447783,106.26319814064405;
552.012879704865,495.59196158774324;
339.50203037474415,156.91683273752372;
850.8603436079644,494.9595571115832;
977.0447218906344,210.1591408934418;
792.7033831846062,430.64743175187886;
113.75855976051274,463.9770581774515;
191.82786705657438,311.2096150694603;
19.888942385980037,444.85395615091494;
817.5607224906312,349.6026039878703;
74.18592788345845,475.7631142234601;
414.7423038554954,440.88733411086696;
301.9523219366029,497.73699684622295;
945.5263506643039,176.51939860246563;
63.51731491134137,35.71963624822099;
429.44067449201737,376.17861846564665;
714.4164772946281,240.7738174805144;
155.4869714255166,116.64240812922465;
518.5869651204175,394.0501270633474;
56.02169635254305,150.97035746541746;
310.88126498361964,33.63233780281915;
1009.9475599379944,281.1166888185189;
649.2059670543418,124.17956342773711;
158.3258101518633,73.98297573080413;
357.9089384971912,393.15709839557377;
898.804765714497,185.45531106933808;
841.4627212174496,108.92514057564938;
148.52220911443692,70.49431755524881;
406.9565241082931,68.76701895748454;
718.0424755221771,387.2897590139726;
739.6955897321494,490.57757171988214;
884.9904686845039,297.3555332062502;
224.41773486661108,32.39598577374407;
258.0010171467627,164.1753226742787;
193.1179342819793,109.29473063870626;
792.0076746944773,56.45753925611884;
138.565666507356,168.88976014588624;
467.9082718314239,364.5874966671979;
867.5261810428193,501.1987612817742;
315.32263904520227,394.1465325874754;
482.9701406078969,249.93555398166933;
303.2411632730955,499.3363314213142;
762.2562365797185,488.83285243786645;
755.1484079533069,76.5632494169181;
344.5193495949998,415.8518315577955;
752.6212406450497,460.6417411703229;
503.8825292258671,347.5139535238582;
1009.4869803234502,457.9754864191426;
678.0417290802415,184.87946792034032;
759.1663318558473,323.1827316018483;
611.4462917950827,71.97172164586745;
691.3400701283012,227.39697147228748;
277.5241801055078,313.95210566365404;
637.2643518446953,191.29100877527387;
760.5840739748237,113.54684632377847;
742.0666056181273,237.99945709822157;
938.1078869218208,159.39302883867379;
836.3456414889832,175.6287075157729;
725.2913216790191,473.82223464308476;
815.0046546505574,285.20418012372323;
483.5526917284757,59.02491296289996;
863.4745927718037,84.17028252361341;
476.8148411249773,66.92924597394078;
100.97348846782948,202.7600163779492;
556.1218243632107,176.90504527984024;
718.5925924162465,30.961679286756684;
493.0041457862084,222.0696945442776;
730.9202054269382,486.3018462797443;
732.3536338859692,320.3421949730415;
569.1349856601018,219.4726266306075;
359.7283072610229,395.9711953257994;
183.30001899166027,503.23749670659726;
311.9116013798474,117.72988665637828;
687.3381816436186,483.75716575750556;
92.61392288945612,471.07117815083393;
335.98380301100093,257.34770636708583;
276.1112298669591,345.0491178629352;
674.6590882492887,372.2313176885685;
252.7435465500537,222.04663479862924;
352.0929843471442,183.7325170586664;
284.0638975862434,186.73592184618147;
643.2844433854115,211.55029846034822;
458.891301518308,506.9361136891239;
430.85674053471155,196.32923237461313;
523.8370794380218,37.12127761626071;
479.04150867474306,422.5489367817851;
844.6370426671116,341.9549142631951;
762.2178383560978,191.26682597840116;
701.63646741496,56.855748404932676;
109.6974968321731,182.44918470105293;
130.63324072399985,52.040388636762906;
754.7758893003755,338.9936668191667;
506.3097004502224,505.1008536969557;
906.6772766452889,380.2792859825484;
733.7507121253788,56.16442455083508;
315.4184151007493,263.52303556693556;
782.0010577983217,442.77096552659543;
639.5261908475472,109.45283519198262;
727.8527071249184,312.2279281969715;
451.42618664942614,233.7699786180219;
215.16309994572745,81.99351080291765;
500.601579535754,406.3490632782131;
485.4985784372385,321.3747631716382;
284.1463837373911,68.81692375322878;
567.1547582194349,46.85668970495992;
620.1707096087431,81.85200895930183;
67.1940260783047,425.6243030703015;
1007.4186415111822,381.06259089972633;
914.6391328732161,247.61243650943453;
32.60203608031264,55.31928035970706;
946.3835506576543,473.24783541607155;
132.5546874993463,308.67480391469144;
682.1983048995555,407.62903321789554;
392.8839954944208,51.90867919802288;
118.04160138329333,103.9050792745374;
264.3191364074404,11.6775875854394;
391.3416566282889,292.7643220973165;
870.9686848518805,148.34138883816394;
86.9312835560858,266.6227666696161;
358.86658364163634,104.82704268138814;
451.56116279058057,300.0501800498774;
352.4344562600262,40.51781483403143;
938.1359267100718,495.8105287236796;
267.7791806902982,224.79363151461166;
971.196600276547,413.04218751091753;
620.2220569298403,487.4442647056818;
115.65758019122885,425.7562934917488;
342.1031234566597,473.6572991557827;
234.65181752043105,143.7484352724797;
256.305536547909,244.50763029633626;
806.2115101927161,129.4076714286399;
456.35146473154686,376.8447395574741;
225.73236289939402,66.89204359723581;
918.3979094335959,460.6222502444992;
489.7148042591464,345.4829017612238;
596.9335174515498,426.97912877826644;
964.0120958746907,123.9129567289962;
57.439950347520465,65.58612175594502;
540.7625517532407,71.07768250598073;
225.99244669082483,392.92313089372675;
270.5463422959331,414.35272993425434;
775.5798889822959,428.4925719482211;
228.54555511271045,188.60786390554355;
350.5505312354632,153.6737763439912;
51.51252930820037,501.8749911038085;
410.51158990527114,460.4188535989163;
131.5502767039437,152.20169180630538;
445.11238325802236,415.8642175146915;
551.8709363780833,372.07103062021974;
447.97585706335406,181.0356467877831;
626.4784873900777,289.9504115206675;
595.1485132982144,173.26240621401362;
956.3316195670842,267.46418919673135;
534.1926946399608,16.016365866524264;
721.8776175345004,151.12268959299422;
591.5029416418726,402.8128090550304;
924.1061730673913,457.3130234213123;
443.54134186641755,392.8332071535743;
372.1496818335329,317.025030638763;
605.9903310499325,383.20335795870943;
620.5241286337576,382.22016658193627;
708.6059084418123,163.43321704616375;
290.8622143937364,332.85818799319134;
17.774028427129153,458.5509609823693;
150.17177113229195,274.75883858443757;
964.0030924466417,415.4352938533457;
39.86533454245877,432.5322548075576;
810.97863244125,12.854936687763098;
464.00394178515955,74.287782560842;
123.83896081230971,66.17814165622909;
672.6489645519672,18.334440976281943;
173.52451137347424,93.90744699930347;
662.2987942109152,267.5163489537202;
104.78465080427168,238.38221910231061;
39.06043153628579,360.4694927968802;
957.8266378512328,307.94923760557595;
131.40300025816663,463.71317983422017;
25.57454344412401,367.4816947867997;
51.625550077826865,150.86967137606416;
184.02164104882655,281.9153373723126;
347.6202390636843,130.1625537491376;
144.92933302578768,346.1837993123436;
366.88012194185717,403.97284548789247;
716.6472299631488,161.96945956136636;
611.6734951477341,170.04727566596304;
682.2326059669371,173.10306352042352;
837.3651675997314,353.0086206847162;
297.03488874966143,112.24576153406007;
425.14655608725514,106.4119894210193;
227.71979255897944,360.9316343736361;
932.2649253869902,350.109927829901;
598.8679132092552,240.09150720232242;
165.83594114944012,495.6916409837137;
841.5029834095291,180.93003981330207;
97.95404586076705,386.5105538403603;
57.23008458171252,49.61615748304237;
629.4607191748888,191.85647726248533;
807.1374125280851,392.1546185615864;
943.3890920350018,300.5207585448287;
243.220370881172,39.434782396335294;
590.7995160564767,284.1654504485095;
848.5073727678116,271.6338436105894;
977.490178145458,360.9989796020331;
635.6785237568974,325.36518201191245;
355.8582729316306,472.88797195027433;
52.385136995835126,324.5941550639585;
222.11400263026414,375.2212748162188;
784.6578108981294,180.1579498518287;
768.9988887433216,92.39225815957508;
823.7778794271082,480.3786999462149;
387.0934680155118,32.135656588907594;
776.8658573421552,158.2477879088197;
146.05216355480377,181.72733521834195;
1006.3657977312644,83.80968014634381;
54.19771495737268,34.06052200374842;
71.95807594375624,175.3855063835294;
102.46938603329346,195.14807180484223;
465.42253640813277,228.53099370103024;
953.9368626235959,383.9685556968712;
663.7354201208366,43.67225471806806;
447.00926821036654,495.1865665312608;
675.182055816734,369.6515318872237;
536.1737655674267,392.1071091816389;
819.0639937152736,172.28158433674832;
956.9355192410763,11.989243596150603;
779.9814837095597,431.7316063567704;
52.644149842942625,298.91260520998384;
998.5408952736875,344.9583328711866;
734.6666222731719,465.8218238184;
925.7127975916177,449.02465593774593;
892.3847163104958,140.28914824537597;
186.5717329187878,233.65806498015039;
140.3383276420873,178.8709430693916;
735.7089304949832,49.02913593382629;
763.9298269211788,475.8722941428747;
796.5469859299845,118.64121692359596;
506.1472862735221,490.704428097177;
328.54882033112284,202.9646164145291;
45.33047717579385,215.26881880681603;
863.9267952694207,462.9500266403454;
15.010929247955765,398.4805579517624;
969.3740409367128,431.45483497569796;
30.214953149094384,440.7496731120408;
365.2868765370716,492.60160015421684;
238.17127080557154,67.7034143471043;
459.76343074447044,188.55543332165274;
169.66585879902163,33.87903719624984;
624.4105717230103,15.912157546066387;
893.3199053440787,209.54949618173907;
730.1639028830834,374.5281641624439;
345.6620951276651,355.4167755885157;
449.72710250944425,221.66802661944712;
162.44527218758074,320.47961448805614;
968.0762829237892,295.2441952089379;
259.85440342577976,334.59988983169006;
948.7331456861248,179.07549025011483;
590.295732533675,214.67629354493693;
110.55206248235437,360.5681866199108;
945.7612414722234,38.349825798832825;
913.5619042306824,57.996868080011744;
254.51820525032485,288.5926396921137;
391.00718585399784,478.7072827262047;
586.1977600004207,221.53359260491962;
490.22107251302106,108.73589851404685;
462.6827920705835,478.82586576995504;
170.17777638218234,43.70292949415299;
963.187911335871,77.36627139230306;
350.72064024485746,455.6088358717344;
108.8879094285614,182.09369154658089;
214.41957642218657,315.3884106367699;
131.3856535394845,38.07734132936929;
564.4417283998952,260.5669808727524;
819.9200235944307,131.2253524578644;
95.65902287014326,413.2811743556859;
40.07096327893288,379.8232997733824;
12.271758875904917,384.5297541681916;
616.4440346880577,427.7487721885055;
692.6561934231878,502.6076398988106;
342.63156501692106,18.443124771896628;
403.17608738157304,201.64647184776007;
671.0248715138935,502.7720924704957;
545.2384008821946,305.9595829018653;
619.0817835198034,67.9014431051124;
663.4060706402289,229.31817683863775;
601.7188545420967,418.0853179890895;
365.67178062362603,449.9447122509883;
681.7719688227386,443.67494237508583;
625.9374334109039,203.37135901093222;
497.0710552493097,186.26812249991346;
441.33267545276533,180.76618584201032;
58.8686181627076,414.0087390684863;
707.7752778533179,419.3184673840799;
191.1684960057417,272.529643212443;
963.6256502524084,490.113279511895;
244.3999455563256,249.2197448162431;
678.588256172139,141.7377757262746;
208.81551186500735,447.11991234715333;
962.0115290539,353.97229776829977;
992.6175557683825,409.0403575055286;
613.2686306599792,48.28782492626209;
936.922810588867,139.67576761370748;
196.71399808929846,19.518883773615592;
268.04732162857823,217.2058569463792;
502.47484382833653,508.2808691024974;
440.44061136367316,501.9044195799859;
82.29504572525336,165.30217760027332;
37.98892354609528,350.27921963149265;
779.9851127776442,267.5878669635299;
862.5157981971181,472.97950778744894;
97.48835216610362,96.77042021199766;
746.8989960945415,186.92143301381063;
105.88289201354405,67.39055046899166;
57.3488835293715,66.86851842351442;
307.9490663312636,49.9113154301608;
544.5578903651964,337.8905387747635;
32.40083652405988,503.80756506563705;
629.4727797924945,482.9196610018714;
314.29954834763726,224.9958692658563;
545.5917920433661,142.70215279563692;
619.0649036700617,98.85197754270958;
509.3966163987826,291.89171162868325;
631.036547285781,195.1210721853286;
540.5576030251578,275.7413177244295;
358.7666284984404,235.72864796804788;
11.099341984149959,251.32482901056457;
387.8446941324407,473.37763324503686;
715.2745808045838,58.75535020619398;
826.1014117916085,291.864571847029;
1008.0876870232835,33.543765284575635;
137.43591406292998,166.19978318462498;
161.98908965878434,98.65944302597734;
991.32848431191,102.66656677160861;
571.0425980329893,464.4508246035566;
761.3398255609028,413.2360693097239;
651.3977601126428,122.41013673016941;
854.7176239449353,184.5763007361791;
669.9905951453813,334.1899441490749;
554.2617863574359,131.53496332992404;
243.46040261492473,154.0220082583461;
327.6960601603269,203.62716254719493;
699.4945868495668,443.4402558804734;
591.4417394302403,499.27630647296303;
734.7192259116856,14.190643827489849;
454.9302877666085,440.3016602769345;
212.89596718380653,305.477127227044;
474.114205989736,468.57964336111587;
455.8784896977265,78.84020296866716;
804.8406455135117,148.8052924792138;
704.4456495266369,52.10459863728272;
386.190223569435,505.4841765146817;
705.2942208395946,81.51904977075596;
43.040430009087515,336.8287483948753;
856.3638583271443,320.72206668703967;
260.2839601567152,439.160764634037;
237.93752024633008,29.20821829933206;
385.0397808882258,126.51474628662345;
747.8757954190586,447.54874204747085;
212.18328131076944,307.90506225125966;
171.76798652949532,475.2899312979152;
818.9439726473058,201.03396610385263;
354.50894034979586,344.0764697437552;
123.70110512241726,103.49173543973328;
217.1660581960427,153.605409146228;
26.446256240675083,199.22082147902248;
578.7486080091429,45.618768371529;
278.56823400753535,58.128873083574106;
598.65898402002,232.26732544782573;
603.7646979428455,383.44577254388315;
602.877504128338,326.0559640855568;
615.2223975144088,498.61374673289055;
602.8224315050879,504.61026724301075;
228.12826284508492,432.860124441265;
76.26303617093964,351.9355848208047;
797.3794291716353,196.38927114812498;
412.2618450988298,229.9068579091223;
683.8314880995933,360.6974368221906;
430.65613996906416,453.2927642264098;
811.6604374215159,167.65031309515686;
816.6106191773318,33.91906420607837;
174.2885707327786,88.9135680683622;
884.7160761579087,110.90144454166722;
655.4191387289607,352.1285497060149;
386.330082883674,247.5197299121342;
248.98313947116335,391.83442518701344;
296.16684631247267,391.20980565899214;
326.79749729979665,403.6614881595117;
464.24320044401753,336.1079772290888;
635.7928667179173,396.25817464066165;
598.5124310243885,109.03443628822389;
546.2875801642223,65.30645785523097;
886.1109352454931,342.21994370604415;
328.3318447976126,112.70914982689693;
301.887525487015,213.22972777556282;
482.61122500410244,183.68490154443595;
419.0862260997833,500.3061586732902;
835.2878770001929,462.43724182650203;
553.166088754815,377.5009063811773;
714.000289832991,59.05519282432535;
758.7387360507544,323.6443887468036;
280.06758163974223,343.36173015562906;
76.45013034439928,63.00535292206893;
108.04556815913202,394.8726071043603;
601.9979497427063,258.9739950754748;
1004.6838094001901,470.01145993334256;
752.6769383059045,209.7710258187923;
225.4991553051766,149.51882238522734;
185.10624442232225,234.8366915331561;
864.2311917720679,94.7605038528556;
69.19525787315006,477.166147525771;
591.3080139437049,202.88099269171644;
147.21534500673982,387.64265558330436;
535.0375677324494,431.7244906311294;
234.2646942723202,212.44796156225857;
451.2180850679033,464.9583081043246;
427.72091075700456,473.8128715217039;
663.5021511159116,397.47022565395184;
258.3584095938668,81.48825484536509;
412.69510834987585,364.078473881112;
593.5462523803112,15.472543595238799;
857.1305242439068,420.7267344360236;
569.696598613341,73.0754414109893;
329.4294649511341,308.63001939273875;
841.3475694108046,494.13675571399295;
189.13141701344804,325.07847350345077;
121.43855637857014,434.14605985074996;
976.8184771281692,503.2435352154909;
445.585192926599,360.6584613072912;
591.6422222952576,142.80123188880216;
658.3967242933993,400.2843403883304;
509.3083207524138,250.20569815305853;
410.2099608711575,212.02320954657975;
187.63069115093887,245.99277344718007;
951.5718067104522,145.8834593532281;
568.8138364592737,298.05387506621713;
112.486654306982,149.90603816157187;
929.6116578765186,263.81216285398483;
44.328028377667685,405.2929552952986;
527.2178906121255,205.50139730976412;
274.1353162299187,372.72560371371486;
711.6107789089759,52.546986531179165;
452.76460453291367,323.0343611724149;
900.7419153285576,100.76150055091104;
987.2297152089453,488.7687265107753;
59.16071111803488,10.167005255244712;
677.7366414100925,458.0905625971517;
70.82464392443498,291.8538696028109;
210.7759143045028,125.47497737204021;
158.51568406957415,62.11474483150352;
709.6764378015296,339.61225215091093;
859.4448753675549,201.41550348674653;
115.08185093774614,421.63814014661455;
468.5432736253912,327.19777997156024;
158.6955503842068,503.1859362592478;
91.93066658608328,383.2996613284593;
645.4373375378301,439.0592147397749;
550.3116161220719,297.12816692149204;
292.0014247476303,504.6644131627381;
727.5014732718511,488.9673184757218;
536.01376806124,117.6572078033326;
820.1557406717941,135.55173834449917;
536.4965996027404,468.6622506975574;
998.7926134603902,156.68324825279038;
916.023186663723,425.4055492217855;
784.1400019034887,428.46814052976606;
544.1223654278656,53.2363890032475;
199.84001378943194,443.74332068884434;
916.076662669486,194.24154680340888;
468.27728166737637,164.8074418399093;
182.6590390267153,368.3446488375676;
873.1176366875835,485.8413077802087;
977.5403406430818,468.31565455978784;
742.7165066552093,202.05217151381999;
279.9697269942425,67.41664211619042;
755.2660694345666,19.575352535880874;
161.92727228652592,476.35176440181516;
596.1917597512853,243.60739620188258;
758.4668294036305,408.8245068658257;
346.090276606724,248.8501373404719;
994.5648382615743,477.75076551668104;
293.4246241067667,160.1961230920435;
415.6963048931278,438.8294517231742;
568.5618541669069,425.16932360622883;
1007.4400939568732,352.5082013787966;
950.0882375316124,44.36517538663819;
521.1149827416302,265.9969070526987;
109.55795120617672,351.1479838796118;
240.48158370338345,422.1331720755163;
848.5915612688508,218.94997516429942;
444.81130437058545,263.4779924961481;
979.6892616130431,343.6858341697264;
238.96866409330306,293.34248086597245;
304.4902437483058,236.92470011394406;
852.5037640747354,493.3361469124772;
1003.459938843557,85.06868458773525;
42.062976574254606,24.85525583930597;
855.0980796804389,352.43564311421727;
378.2801986200354,281.00791193676866;
21.334047513034907,382.18582539422954;
504.2712402540275,116.53662228155991;
923.4536202799537,308.53036486601997;
462.4458552347298,173.88920748206;
325.2815742738542,441.3986969384717;
386.8348269443758,71.32242622335637;
586.336692457859,92.31598435015458;
480.92270724346076,327.12706959907996;
841.3091693180431,493.8060113663348;
671.5014009845216,331.07412768342346;
363.6952293215692,116.47767015060144;
999.6025555984008,309.28771537492116;
967.6041493101313,476.51762050454533;
708.3074976924224,477.83217063564933;
309.7896007200694,486.05057888996106;
398.0106256294539,466.5717489494769;
567.8657373169245,168.93263287749159;
853.7617785496761,294.49677797545115;
918.6975015645106,234.49528940061452;
251.1910328711514,431.1087274462728;
925.9146502765985,338.60343921441194;
488.2996951679812,388.1612805159065;
272.39245367310116,478.3886046815798;
772.7077003878732,211.57071026257296;
158.75297307633772,69.19601147840098;
727.3330449846704,304.0645755152764;
851.560770060042,83.21208765133086;
102.67967219096718,138.43600738977167;
585.029369733279,297.35746961217905;
627.0099352163926,464.587826071428;
675.2307926528441,102.140874641153;
674.4507073487697,143.13916748095127;
623.8929539189088,258.3016485785057;
977.6933571133955,167.55936866691954;
391.45028786369204,104.91307042932812;
91.76768137559232,181.40166820938128;
485.7631596735459,76.30871092460849;
783.3807334747402,33.85294456618442;
845.7747115690322,15.154829297749908;
905.7913372237086,446.95404246272244;
498.2469846754078,24.984025428771975;
464.57792893274484,104.05426414832557;
199.29432999175157,304.2850973722567;
742.2759975753994,369.88846909848337;
965.5075888737623,338.37347050341083;
59.03447963452678,302.8322465410291;
778.6336421634155,320.5355179170527;
30.47352210201847,466.8875002115149;
999.8825333113948,173.74928659260402;
435.1820848036055,88.7694518252337;
13.090522598274026,141.237739262005;
71.49881957691139,259.9568483820578;
401.85473764995214,211.36785096208533;
243.9842073729994,60.89566034893917;
497.0646364495552,441.76361798490296;
635.9312029061354,262.40086443656014;
527.4517854490465,327.9439786681933;
667.7065861416618,204.62536015483784;
796.1337831398117,391.77592539785275;
522.7161398491158,334.7866814924835;
708.4043694940027,124.87370008052616;
47.19689047326602,332.03657522115435;
244.80071219859465,431.5302537141348;
84.35239150067684,396.64000920937025;
722.1637379569381,29.36664313599634;
508.1826365402061,95.0327692189229;
983.5196550656364,459.5119900241801;
730.8247585353762,43.22690632341963;
948.4605371613972,244.5445984783155;
161.41321807105413,195.83022307675196;
567.6678134258618,112.7693787410674;
619.2359373021543,96.1034798527312;
354.72735218481364,164.59099794595838;
497.21796512026384,349.47668750171897;
96.50872301648404,479.7007978173518;
935.3420528443978,385.5087218319682;
559.1759927942757,305.0355865020383;
150.6640662116132,460.8529920577838;
1007.0449387334704,377.1727526552287;
207.28011242097776,102.79549271138765;
771.3488481345885,189.15241586800468;
830.154269618857,30.785365861671345;
281.5300333133004,467.66697244271836;
850.1166075488371,12.262907775395838;
413.26222299021595,338.6045365778602;
487.31258541981293,422.88579592637365;
522.8158134392133,67.6678776419648;
357.81643322655873,27.595617907954384;
288.7262471319335,111.67491019523234;
683.9547702656769,360.04408855929364;
275.93073723832595,118.56110040517797;
65.7234213599227,289.61246589331637;
882.4596333843764,493.7955319096737;
201.5770615013128,109.10283736152586;
642.5537779014027,45.69871677123293;
528.0472216651386,407.57603178945334;
898.152942350449,437.91964726503215;
572.3372779021302,454.0968575135528;
445.60178430482597,395.0120876100227;
439.05310386257,445.0313251492762;
303.51414563735665,84.26097134880483;
502.68950028255597,377.35660010793816;
285.5105111286502,374.678058134362;
740.2703690221921,71.69919308276755;
213.70909569252882,18.50031306814425;
737.0052450615134,385.91062140753763;
934.2320077971702,313.4414545877557;
1002.6663146634527,376.5842733749162;
988.8871622887459,325.0960628138979;
608.0654022315291,108.07622088660462;
837.3884512373522,87.38665620577268;
214.34791354997395,123.8691614478009;
466.5328136370512,129.35791158636272;
806.2790538211968,221.58766233742188;
543.4295756643185,137.6504318462116;
354.1453569921249,441.4026583667416;
750.1498871897556,142.63806380728087;
298.30383298002994,480.3845627203161;
233.5723340359942,328.87809719743547;
262.6746878699206,124.2176835506793;
64.94389741331196,335.4055169115014;
607.1792221967685,81.3120572111382;
490.5868779702066,399.95374271060996;
572.335893417459,338.367056212428;
97.9833632198901,457.2769575675388;
379.11097420347284,486.30104921125076;
815.5339928412787,403.89006100781586;
955.0542684645795,440.3936582197313;
37.2995404933819,466.93009276413716;
485.9654723365303,197.70385648721933;
544.7715123437414,60.21902699542574;
276.092679895189,352.3507951867226;
852.2621954076899,353.0812227544823;
877.8486309446193,302.7414654988279;
382.540297733572,478.1149909451932;
724.6292114828227,201.1209062301184;
172.35928458801686,262.4093163540125;
186.40628280480175,267.3480073802009;
608.914246381076,158.29938826884788;
1001.1392458744491,462.4304209271011;
188.0096108418685,27.803723430848407;
960.3882716537123,261.3509043871393;
490.4425492892721,304.38581372308767;
980.0789401305611,215.8028388996423;
516.1056414340239,283.8188573921963;
445.46365236934173,414.039760018201;
744.471317200792,280.16181482787306;
473.4294817025312,486.24515348243875;
634.3078654161977,367.72028784850073;
587.3484897050012,47.80846969415364;
802.3226573471738,431.6791786044738;
843.5899957862233,83.86689682873914;
615.0354706325446,337.22387975331367;
60.34256580380425,140.81506707782765;
707.7790259815049,173.41264290016133;
895.7872369941402,401.3130213374654;
229.56723841442715,61.146059510812414;
834.8847536883512,474.91459640340724;
299.40149710892393,257.84584970694135;
308.0605242584349,169.46188277561185;
706.182434890646,458.96776217735595;
252.75750948485063,74.28314934926117;
754.255540898799,425.7509659003086;
138.96489576692528,429.3135133587333;
425.9776459078709,429.92001443734966;
347.4021826903644,240.70475869924496;
786.4226598498086,375.51827818182727;
663.7154197042636,288.87919656594295;
735.6298773302609,402.9338337440164;
47.74319056487907,170.5240130064262;
840.0768731138415,422.9317348684068;
667.3822857814237,247.20341351427837;
224.4008789408376,423.24671512424555;
792.1207008008028,268.25905209106963;
86.58350026498707,327.3544798391222;
818.7333693787248,357.1890441926094;
556.1577840192765,101.51946596384869;
20.686767326333225,383.61819244326637;
748.8558829157946,295.05327678894554;
913.5041659154103,376.2296663763932;
11.25750339414199,10.117845501050983;
769.0142740787785,322.46043706867243;
129.28791648046567,154.23506628820763;
858.7048599108061,412.1111684912153;
74.30521166772519,184.02635583321452;
238.3518781728985,282.7795349076998;
559.1802587443551,122.54631673796206;
945.7178141379376,253.55038720892136;
131.16172826969694,148.72583702694698;
82.88647322487918,106.06617405625283;
495.6800796765698,175.16743890063984;
372.0352180736538,174.07458687125637;
327.53460701808547,338.69757140529657;
129.0326821965374,45.08944426627403;
248.43590559754668,469.13131640968044;
157.1054310559924,397.03815195834204;
478.64971183811764,169.95703856071174;
663.6956083304078,432.868693752596;
512.157336639746,188.1360562390422;
168.84136946242455,372.0196380347184;
388.3241176180451,35.23293769903812;
857.266618693771,32.04884892666398;
831.5983557783791,328.4303415499397;
414.56088167032675,254.3217220217806;
975.0608220094332,427.4329368459609;
765.7947484094975,228.6900279393995;
911.7106892105788,384.59097855804646;
706.104845488872,229.8523792460933;
1006.4848110756946,28.329977540022302;
639.1125352935329,446.75257082982074;
631.3229514292095,108.03248307373464;
464.4745693528941,414.7790124561503;
311.622574253967,255.76837407464464;
186.6382903661956,52.0607092141525;
770.8202156556882,410.7625822097706;
85.10658275322201,101.5876216347874;
623.040475770285,434.1989319076508;
754.5161670876153,360.83852607651187;
859.4029689604486,282.0845758119997;
324.15755362110576,88.7584680046216;
109.31162926236847,132.9321099507868;
306.8176167545513,210.9359965963423;
551.165975330983,218.78957079528288;
449.7979658440383,262.13298977632667;
530.7936322184449,373.7326440837038;
542.4215834113081,492.6232423380379;
650.1519096251744,314.22070158767485;
844.328631721864,159.77170894129233;
832.2131065341342,387.42826394141446;
363.023282196505,248.7452934578499;
889.4129253644578,167.95489504921457;
330.7301469684429,13.51527298260712;
969.0214011516039,210.811611020845;
387.4093596586028,294.27399056979436;
759.7399694015284,318.08546289027595;
151.8766572169239,418.8353179783766;
153.66984196445586,179.5733775830942;
246.8713172312711,384.50212811739823;
646.2428508138021,491.3707651838018;
19.178909113507828,119.02587934342917;
928.6899361983768,331.69984398461463;
828.2156138169557,192.32945425396912;
964.8142695482437,256.1950525958756;
355.34429128624845,65.2647069438909;
252.2242219912616,475.06606236557485;
362.47779808673107,301.27336487603617;
644.7244714823195,21.368052032205924;
709.2232185310017,260.3510775173177;
711.179164728891,341.01828939277004;
191.09019696109385,127.93348706428824;
414.03109599712985,330.45640818285085;
453.65324562416373,84.14499124933171;
200.7557825601617,145.05382301041695;
51.833256808257666,317.14857297942444;
336.0666753689302,170.69653372384647;
625.862127088156,247.77645978797977;
829.2274847232082,495.0049875318895;
661.0090858193299,343.60530747892255;
662.866920493942,482.1929885699783;
871.0663518933065,267.49652607992516;
862.7061244861608,460.9400947133144;
56.95649879332719,336.68635263031183;
667.148467243733,450.6997554794101;
706.0661284308518,411.8213479182672;
817.6833880185343,502.19590935244474;
1007.0209051374354,140.82548648878046;
120.90456165199957,41.020037164797344;
193.36975860747816,21.19822827534278;
203.93624806301813,10.996265755295767;
110.54435349473667,199.41988035949296;
662.7188843745259,251.37853631060142;
242.97180981978994,464.1873361526735;
904.7710696904744,159.96131465812311;
926.1387962743255,123.10878634809474;
616.8369891979333,454.171637247084;
654.3683210995798,498.1989413770778;
842.7218851402006,195.13526301858312;
172.26060853053636,289.29862851825857;
653.3218292432305,109.92122976169165;
802.4693257604957,57.03599249372537;
419.46958884989004,489.8880176481604;
856.4058150482784,50.52883570207227;
935.1446687324465,240.66487954644478;
234.20164678408116,483.4066672367058;
377.40594717248155,225.51173366784303;
45.053591606357905,42.727032124229225;
601.5058150019698,310.57158921915965;
266.86027754417205,260.94882765352077;
129.13632726803414,452.7286548130925;
1006.854433134736,140.37085410705535;
125.98117016386189,288.2045872786135;
350.22632049256055,200.0860372603565;
23.023398553555054,100.22171144778774;
886.5009389375377,509.4795744876945;
244.28656898392498,410.0136640487916;
539.3919036445674,288.39549598014406;
499.4898458578607,461.685096459728;
971.9480818847055,288.3386521191603;
643.1659707312782,491.57342023179103;
700.3793793622838,277.16899683796663;
211.43434023573093,388.70613558914505;
35.52442207256334,172.66678069970558;
790.8992860606398,220.43781154723678;
796.4664971068182,155.88029155656668;
738.1545511871136,52.906645942026756;
150.57297227678933,232.0362528758329;
505.1840520360692,25.747105796553363;
438.735333031441,69.9701037038709;
660.0902059136179,28.220110753614847;
554.9233134792728,61.54147848148227;
986.3238796831861,23.257310554060542;
409.604511530114,443.518772534778;
510.58431827858516,188.1910290519016;
703.2835177389527,214.116914053872;
40.45627765340531,286.8497214117223;
733.7317810738954,487.7556467656237;
374.1662154878591,187.25359679191837;
760.1744164763379,148.26454992270948;
259.49488474184636,296.4203462677138;
983.3521321061497,453.13473749238386;
995.9850061478775,229.07683657280802;
47.58933893423677,489.211650378367;
430.16562986642737,201.71303584545163;
15.455579424386237,416.3246528225974;
584.1062571566785,486.32087686831744;
33.22745582341412,410.52946813470845;
909.7571239411809,183.28263871712102;
36.88580893303705,185.5704151860897;
835.087497606682,81.17663784734529;
557.6455428677255,323.46580976777153;
745.9559020275183,155.3234526858438;
51.89012645068213,193.81618891959172;
583.6917364054335,453.8397393810768;
186.35485009427643,256.4714287890416;
978.1561671967329,278.4547123741407;
973.7399459992098,341.52643015541344;
466.970266036566,247.1630458074769;
872.4929332604949,222.24043505444467;
851.4924744189993,361.16522990481394;
342.0118557426267,253.06263266514156;
707.5179737600328,90.57917813309811;
334.65348464630307,395.13817847690063;
122.70856732842472,23.814163804539035;
553.832959156277,470.06271954840906;
43.180485482876556,303.32486392723075;
209.6405091995007,284.60057797601837;
220.83707350088866,472.42673628680933;
532.5824242044126,436.92642590402716;
221.87698223667107,299.1780371625747;
40.92300148396687,260.3318128590682;
520.752547347093,334.67706190085767;
907.9719056244691,429.1097461373344;
406.83894445200485,509.69901538916474;
884.5661424205989,172.9524808146342;
230.21598899222528,481.3414943950223;
1004.7271541682326,421.67801342651643;
58.82061919619074,341.3822279376141;
924.5290155283479,306.7266059332782;
771.4872881661615,433.4472408186498;
839.4221033143805,303.16998721966;
535.9857202526837,345.01594321492774;
664.1766905653911,74.91640541557774;
249.92915451657893,185.2381664642293;
953.857119848868,393.3197839079944;
576.4061264785673,368.70842394264196;
279.5633781091592,168.46263569263868;
226.69200175033697,483.9904298807736;
865.5375803293334,82.21958810215251;
190.02677382461297,153.87349035089707;
89.82727912748766,31.836957231018804;
748.4550798906006,166.01528557260346;
237.52667740781175,419.95444666378427;
924.4665335650903,352.84311999461187;
190.64983380696077,245.48636000189893;
894.338226433974,222.32528296252974;
890.1785120212656,26.6714632701071;
592.1261293374253,136.84820398113678;
835.8040567274932,190.7222543931416;
685.0821031036309,164.2095196240672;
959.1353861874386,18.178422159637655;
741.664603332304,88.81356954209457;
943.7353392408976,314.1570652807878;
233.1137807443444,406.44897079092476;
639.5418406019897,66.13918624108938;
811.6698752295835,289.4542603189363;
561.67123680764,463.7619494516722;
118.51360870529115,222.6682533489352;
190.25955208205846,509.9873866082153;
701.3530876098995,230.2449110520747;
1005.9988861098557,366.06634981708663;
726.3232028922613,254.40530262346655;
757.9032229370105,392.0469410133567;
989.3953283084566,165.10315341556074;
911.7932042993997,342.2234724903083;
158.4749447389674,123.85835961461649;
849.5104546727838,131.7144901247485;
